{
  "analysis_level": "intermediate",
  "method": "DLNM with natural cubic spline cross-basis",
  "pooling_method": "MVMeta (Multivariate Meta-Analysis of coefficients)",
  "reference": "Pooled MMT from MVMeta curve",
  "n_regions": 133,
  "n_successful": 133,
  "mmt_statistics": {
    "mean_percentile": 31.102293610080793,
    "median_percentile": 28.56862360102101,
    "min_percentile": 1.0002000400080016,
    "max_percentile": 98.9986255645003,
    "sd_percentile": 29.67427241458446
  },
  "parameters": {
    "max_lag": 21,
    "temp_df": 4,
    "lag_df": 4,
    "temp_knot_pcts": [
      10,
      75,
      90
    ],
    "lag_knots": [
      1,
      3,
      7,
      14
    ],
    "time_spline_df_per_year": 1,
    "min_obs": 1000
  },
  "region_results": {
    "1101": {
      "region_code": 1101,
      "n_obs": 5078,
      "n_years": 14.940451745379876,
      "mean_deaths": 6.604962583694368,
      "total_deaths": 33540,
      "dispersion": 1.056921957335911,
      "aic": 22674.915196643182,
      "temp_percentiles": {
        "p1": 21.950488510131837,
        "p2.5": 23.423210382461548,
        "p5": 24.135685539245607,
        "p10": 24.661158943176268,
        "p25": 25.410844802856445,
        "p50": 26.15567970275879,
        "p75": 27.100614070892334,
        "p90": 28.100879096984862,
        "p95": 28.678248119354247,
        "p97.5": 29.181709909439085,
        "p99": 29.67583921432495
      },
      "mmt": 21.950489044189453,
      "mmt_percentile": 1.0043324143363528,
      "crossbasis_info": {
        "temp_knots": [
          24.661159133911134,
          27.096877098083496,
          28.100234603881837
        ],
        "temp_boundary": [
          21.951824188232422,
          29.67411994934082
        ],
        "lag_knots": [
          1,
          3,
          7,
          14
        ],
        "lag_knots_log": [
          0.6931471805599453,
          1.3862943611198906,
          2.0794415416798357,
          2.70805020110221
        ],
        "lag_boundary_log": [
          0.0,
          3.1354942159291497
        ],
        "temp_df": 4,
        "lag_df": 5,
        "max_lag": 21,
        "n_cb": 20,
        "n_params": 20,
        "col_names": [
          "cb_t0_l0",
          "cb_t0_l1",
          "cb_t0_l2",
          "cb_t0_l3",
          "cb_t0_l4",
          "cb_t1_l0",
          "cb_t1_l1",
          "cb_t1_l2",
          "cb_t1_l3",
          "cb_t1_l4",
          "cb_t2_l0",
          "cb_t2_l1",
          "cb_t2_l2",
          "cb_t2_l3",
          "cb_t2_l4",
          "cb_t3_l0",
          "cb_t3_l1",
          "cb_t3_l2",
          "cb_t3_l3",
          "cb_t3_l4"
        ],
        "lag_basis": [
          [
            0.0,
            0.0,
            0.0,
            0.0,
            0.0
          ],
          [
            0.6931471805599453,
            0.0,
            0.0,
            0.0,
            0.0
          ],
          [
            1.0986122886681098,
            0.027293113977313672,
            0.0,
            0.0,
            0.0
          ],
          [
            1.3862943611198906,
            0.13635435389245854,
            0.0,
            0.0,
            0.0
          ],
          [
            1.6094379124341003,
            0.3149869114129577,
            0.006352045335695646,
            0.0,
            0.0
          ],
          [
            1.791759469228055,
            0.542907678942302,
            0.038108427590599486,
            0.0,
            0.0
          ],
          [
            1.9459101490553132,
            0.8050064282114652,
            0.10019139937089065,
            0.0,
            0.0
          ],
          [
            2.0794415416798357,
            1.0908348311396678,
            0.19038685092118524,
            0.0,
            0.0
          ],
          [
            2.1972245773362196,
            1.3931670069781872,
            0.3048674207247961,
            0.0015472576880836354,
            0.0
          ],
          [
            2.302585092994046,
            1.706928419226651,
            0.43980528991836043,
            0.010521252443055342,
            0.0
          ],
          [
            2.3978952727983707,
            2.0284918446647073,
            0.5918180457816784,
            0.030581124028759968,
            0.0
          ],
          [
            2.4849066497880004,
            2.3552214702849423,
            0.7580431455549701,
            0.0631211469218333,
            0.0
          ],
          [
            2.5649493574615367,
            2.6851742313821596,
            0.9360966088389339,
            0.10836850853571264,
            0.0
          ],
          [
            2.6390573296152584,
            3.016900425076802,
            1.1240025306369674,
            0.16595268920395168,
            0.0
          ],
          [
            2.70805020110221,
            3.3493078739973066,
            1.3201226460185151,
            0.23520984592312363,
            0.0
          ],
          [
            2.772588722239781,
            3.6809386606083287,
            1.5224659128814313,
            0.31471962941550974,
            0.0
          ],
          [
            2.833213344056216,
            4.008459606876582,
            1.7271947315279117,
            0.40095313215691525,
            0.0
          ],
          [
            2.8903717578961645,
            4.329082783527259,
            1.931052081291869,
            0.4907905273635088,
            0.0
          ],
          [
            2.9444389791664403,
            4.640937313128372,
            2.131735097660169,
            0.5819535717635878,
            0.0
          ],
          [
            2.995732273553991,
            4.942799450056236,
            2.3276243893173167,
            0.6727739024792813,
            0.0
          ],
          [
            3.044522437723423,
            5.233905796803907,
            2.517595230940857,
            0.7620303430550819,
            0.0
          ],
          [
            3.091042453358316,
            5.513822208636706,
            2.7008838902064194,
            0.8488328921239394,
            0.0
          ]
        ]
      },
      "effects": {
        "p1": {
          "temp": 21.950488510131837,
          "log_rr": -3.0405215855333684e-07,
          "log_rr_se": 1.983590049530678e-07,
          "rr": 0.9999996959478876,
          "rr_lower": 0.9999993071644317,
          "rr_upper": 1.0000000847314947
        },
        "p2.5": {
          "temp": 23.423210382461548,
          "log_rr": 0.8384565419733452,
          "log_rr_se": 0.5469962987717047,
          "rr": 2.3127945192564323,
          "rr_lower": 0.7916339299970366,
          "rr_upper": 6.756934342521948
        },
        "p5": {
          "temp": 24.135685539245607,
          "log_rr": 1.2440862022999664,
          "log_rr_se": 0.8116229213376016,
          "rr": 3.469762689059096,
          "rr_lower": 0.707021132237444,
          "rr_upper": 17.028137589448143
        },
        "p10": {
          "temp": 24.661158943176268,
          "log_rr": 1.543251157481233,
          "log_rr_se": 1.0067935891234572,
          "rr": 4.679780267700377,
          "rr_lower": 0.6504672831634293,
          "rr_upper": 33.66863164500676
        },
        "p25": {
          "temp": 25.410844802856445,
          "log_rr": 1.9796516233005441,
          "log_rr_se": 1.2675112860313176,
          "rr": 7.240220221726349,
          "rr_lower": 0.6037044648965398,
          "rr_upper": 86.8318720619016
        },
        "p50": {
          "temp": 26.15567970275879,
          "log_rr": 2.4700634461520092,
          "log_rr_se": 1.4264093868112415,
          "rr": 11.823196964202058,
          "rr_lower": 0.7220225181530564,
          "rr_upper": 193.60613130445907
        },
        "p75": {
          "temp": 27.100614070892334,
          "log_rr": 3.2623642836133033,
          "log_rr_se": 1.4137908317286574,
          "rr": 26.111198500064067,
          "rr_lower": 1.6344955970601245,
          "rr_upper": 417.1284941581082
        },
        "p90": {
          "temp": 28.100879096984862,
          "log_rr": 4.17623040913532,
          "log_rr_se": 1.47956407170649,
          "rr": 65.11991452621629,
          "rr_lower": 3.5833023830883817,
          "rr_upper": 1183.4343894379406
        },
        "p95": {
          "temp": 28.678248119354247,
          "log_rr": 4.387874111515245,
          "log_rr_se": 1.542011636182259,
          "rr": 80.46916853652979,
          "rr_lower": 3.9178040464268125,
          "rr_upper": 1652.7848274765415
        },
        "p97.5": {
          "temp": 29.181709909439085,
          "log_rr": 4.391600036662151,
          "log_rr_se": 1.7506681884687145,
          "rr": 80.76954988684,
          "rr_lower": 2.6124549869410534,
          "rr_upper": 2497.160801442714
        },
        "p99": {
          "temp": 29.67583921432495,
          "log_rr": 4.315718772292783,
          "log_rr_se": 2.214149813517613,
          "rr": 74.86741673384437,
          "rr_lower": 0.9762712001105592,
          "rr_upper": 5741.3658087674385
        }
      },
      "rr_curve": [
        {
          "temp": 21.950489044189453,
          "log_rr": -2.4700634461520092,
          "se": 1.4264093868112415,
          "rr": 0.08457949258798377
        },
        {
          "temp": 22.34065818786621,
          "log_rr": -2.247930539884937,
          "se": 1.2821503249318649,
          "rr": 0.10561756990381693
        },
        {
          "temp": 22.73082733154297,
          "log_rr": -2.025797633617861,
          "se": 1.1380582332892017,
          "rr": 0.13188860243851241
        },
        {
          "temp": 23.120996475219727,
          "log_rr": -1.803664727350787,
          "se": 0.994205712459236,
          "rr": 0.16469422151091664
        },
        {
          "temp": 23.511165618896484,
          "log_rr": -1.5815318210837104,
          "se": 0.8507143026366792,
          "rr": 0.205659822741184
        },
        {
          "temp": 23.901334762573242,
          "log_rr": -1.3593989148166354,
          "se": 0.7078036595196713,
          "rr": 0.2568150983192303
        },
        {
          "temp": 24.29150390625,
          "log_rr": -1.1372660085495605,
          "se": 0.5659139385481297,
          "rr": 0.3206946006547755
        },
        {
          "temp": 24.681673049926758,
          "log_rr": -0.915132905884033,
          "se": 0.4260665818817267,
          "rr": 0.4004633986117592
        },
        {
          "temp": 25.071842193603516,
          "log_rr": -0.6914243538581109,
          "se": 0.29269232938408346,
          "rr": 0.5008621558101933
        },
        {
          "temp": 25.462011337280273,
          "log_rr": -0.4591817312971991,
          "se": 0.1758290409490274,
          "rr": 0.6318004165565884
        },
        {
          "temp": 25.85218048095703,
          "log_rr": -0.21029725066506555,
          "se": 0.07668329325496147,
          "rr": 0.8103433350712171
        },
        {
          "temp": 26.24234962463379,
          "log_rr": 0.06333687557451861,
          "se": 0.024488630122288402,
          "rr": 1.0653856811988027
        },
        {
          "temp": 26.632518768310547,
          "log_rr": 0.3698284349577836,
          "se": 0.16669036851683974,
          "rr": 1.4474862553185415
        },
        {
          "temp": 27.022687911987305,
          "log_rr": 0.7172852150209592,
          "se": 0.39037134961386044,
          "rr": 2.048863430022373
        },
        {
          "temp": 27.412857055664062,
          "log_rr": 1.105983387235367,
          "se": 0.7137454532962983,
          "rr": 3.022194995959756
        },
        {
          "temp": 27.80302619934082,
          "log_rr": 1.4801154079803265,
          "se": 1.0473667967459368,
          "rr": 4.393452691163427
        },
        {
          "temp": 28.193195343017578,
          "log_rr": 1.7596914687205683,
          "se": 1.2648456910951493,
          "rr": 5.810644352275691
        },
        {
          "temp": 28.583364486694336,
          "log_rr": 1.9012156887278415,
          "se": 1.3414503116735996,
          "rr": 6.69402735132958
        },
        {
          "temp": 28.973533630371094,
          "log_rr": 1.9346006354392244,
          "se": 1.4189086668187363,
          "rr": 6.921279389656811
        },
        {
          "temp": 29.36370277404785,
          "log_rr": 1.8985283133044693,
          "se": 1.6375287933251146,
          "rr": 6.676062137191754
        }
      ],
      "cb_coefs": [
        -0.01920526583764152,
        0.05620158846484577,
        -0.06827626120286692,
        -6.699526784921403e-14,
        0.001154628236594222,
        -0.0017740686289498446,
        -0.0021328169118619905,
        0.015024145176959183,
        2.475381409019385e-15,
        -0.0024432762956368894,
        0.005719948087621704,
        0.011578664859514119,
        -0.0733891790649364,
        3.3525104190180792e-15,
        -3.5167749792549008e-15,
        -8.702918070542486e-16,
        5.318048684151964e-17,
        3.3400151211391864e-15,
        5.444821106744275e-16,
        -0.02358489012779439
      ],
      "cb_vcov": [
        [
          0.00013582693908517705,
          -0.0003518562179858294,
          0.00036049019201167396,
          -2.9678715033099783e-17,
          1.659917530692943e-05,
          -7.661806730972979e-05,
          0.00020256389716257988,
          -0.0002144091101707203,
          9.228782567053273e-19,
          -5.502059175276149e-05,
          0.00025850644752902017,
          -0.0006889881821646361,
          0.0007383911465118017,
          9.195268393368961e-19,
          -1.054657944218802e-18,
          -1.9310994904965538e-19,
          1.726689364695921e-20,
          9.447720434459173e-19,
          5.1403303039330124e-20,
          -3.13612163912621e-06
        ],
        [
          -0.0003518562179858294,
          0.0009425955664556478,
          -0.001022362875233325,
          6.094295031453473e-17,
          -3.9711940368512686e-05,
          0.00019661016575582793,
          -0.0005379417750159154,
          0.0006029521606585129,
          -1.7535235379977797e-18,
          0.00012981484871838346,
          -0.0006574984638616863,
          0.0018171706501917799,
          -0.002068078133829927,
          -1.5549857873389647e-18,
          1.8405980140304715e-18,
          2.836282670763913e-19,
          -1.1025918246895886e-20,
          -1.5926056604500521e-18,
          1.38704475049428e-20,
          5.1690673457498925e-06
        ],
        [
          0.00036049019201167396,
          -0.001022362875233325,
          0.0012249809274491993,
          -4.0279626455036096e-17,
          3.52418739815635e-05,
          -0.00019630908699705727,
          0.000570644409388205,
          -0.0007083615587354454,
          8.941849383666428e-19,
          -0.00011132570707084916,
          0.0006430174823515002,
          -0.0018974819014941273,
          0.0024066728516433677,
          4.1936355249028407e-19,
          -6.301278609488955e-19,
          1.4514081994102048e-20,
          -3.513557310116409e-20,
          4.342079758643454e-19,
          -2.239131469735658e-19,
          -6.686716785741772e-07
        ],
        [
          -2.9678715033099783e-17,
          6.094295031453473e-17,
          -4.0279626455036096e-17,
          2.1597949368492746e-28,
          -9.090299227771051e-18,
          1.9762615489909977e-17,
          -4.256584258291655e-17,
          3.184450269116703e-17,
          -8.149261360808226e-30,
          3.1881878360744623e-17,
          -7.152682462345233e-17,
          1.5691226818435915e-16,
          -1.224294658956325e-16,
          -1.0188482902349182e-29,
          1.1209208918082966e-29,
          2.6488654801707844e-30,
          -4.088529157339314e-31,
          -1.0597043148329368e-29,
          -1.6308018733772167e-30,
          2.813313224264977e-17
        ],
        [
          1.659917530692943e-05,
          -3.9711940368512686e-05,
          3.52418739815635e-05,
          -9.090299227771051e-18,
          4.370907229636809e-06,
          -1.7216054998427446e-05,
          4.215441309242347e-05,
          -3.892965496201631e-05,
          3.0454425124041026e-19,
          -1.757467724352303e-05,
          7.019385863040068e-05,
          -0.00017285907900817975,
          0.00016102476367861664,
          3.267224565898075e-19,
          -3.638837241674507e-19,
          -7.350706791412286e-20,
          6.76330042785666e-21,
          3.1818807281441568e-19,
          2.901291453368835e-20,
          -4.34914911752534e-07
        ],
        [
          -7.661806730972979e-05,
          0.00019661016575582793,
          -0.00019630908699705727,
          1.9762615489909977e-17,
          -1.7216054998427446e-05,
          7.90061742292142e-05,
          -0.00020698762749490963,
          0.0002138868009981521,
          -5.40873763107425e-19,
          6.785524250095007e-05,
          -0.000317211072692627,
          0.0008376732366159411,
          -0.000876374821132335,
          -3.9741582910290244e-19,
          4.744965228076887e-19,
          4.988191909748682e-20,
          1.5726518382473175e-20,
          -3.2779061354381806e-19,
          5.0719680269586346e-20,
          1.3318204865108577e-06
        ],
        [
          0.00020256389716257988,
          -0.0005379417750159154,
          0.000570644409388205,
          -4.256584258291655e-17,
          4.215441309242347e-05,
          -0.00020698762749490963,
          0.0005610283524248883,
          -0.0006148797689355347,
          1.0291462775636073e-18,
          -0.00016386987241447993,
          0.0008226566333651902,
          -0.002251058229770406,
          0.0025036488703417395,
          5.18764745333321e-19,
          -6.894357638657931e-19,
          5.961077035446671e-21,
          -6.500871847783192e-20,
          3.214951026551201e-19,
          -2.318330913069824e-19,
          -4.043928286091826e-06
        ],
        [
          -0.0002144091101707203,
          0.0006029521606585129,
          -0.0007083615587354454,
          3.184450269116703e-17,
          -3.892965496201631e-05,
          0.0002138868009981521,
          -0.0006148797689355347,
          0.0007462254746353437,
          -5.246733111010552e-19,
          0.00014679750524647847,
          -0.0008321708258538444,
          0.00242438707036833,
          -0.0030012180944884864,
          2.0514989517650628e-19,
          -6.195593298512206e-20,
          -1.9930639695619478e-19,
          1.0131183456601253e-19,
          4.2457576442378796e-19,
          3.8826836645559583e-19,
          5.784536482113953e-06
        ],
        [
          9.228782567053273e-19,
          -1.7535235379977797e-18,
          8.941849383666428e-19,
          -8.149261360808226e-30,
          3.0454425124041026e-19,
          -5.40873763107425e-19,
          1.0291462775636073e-18,
          -5.246733111010552e-19,
          3.0891693394764374e-31,
          -1.0293670090766297e-18,
          1.769255137324031e-18,
          -3.2854008881639315e-18,
          1.4940183804754766e-18,
          3.8638065566674096e-31,
          -4.247971636158177e-31,
          -1.0053363469381917e-31,
          1.5676883685545336e-32,
          4.027518131569154e-31,
          6.250700384586787e-32,
          -7.878074384956404e-19
        ],
        [
          -5.502059175276149e-05,
          0.00012981484871838346,
          -0.00011132570707084916,
          3.1881878360744623e-17,
          -1.757467724352303e-05,
          6.785524250095007e-05,
          -0.00016386987241447993,
          0.00014679750524647847,
          -1.0293670090766297e-18,
          8.350666094224121e-05,
          -0.00032768030494944315,
          0.0007966497760263587,
          -0.0007225611443294603,
          -1.0474136291539318e-18,
          1.1716487043005573e-18,
          2.209413315666748e-19,
          -9.747238187791639e-21,
          -9.817997046403427e-19,
          -6.550313745540543e-20,
          6.926554029443371e-07
        ],
        [
          0.00025850644752902017,
          -0.0006574984638616863,
          0.0006430174823515002,
          -7.152682462345233e-17,
          7.019385863040068e-05,
          -0.000317211072692627,
          0.0008226566333651902,
          -0.0008321708258538444,
          1.769255137324031e-18,
          -0.00032768030494944315,
          0.0015062706717750725,
          -0.003935075436684493,
          0.0040310265263535545,
          9.480638704606708e-19,
          -1.2025489848382281e-18,
          1.7435439344889628e-22,
          -1.2173751405380938e-19,
          5.31724560962256e-19,
          -3.6218183795375753e-19,
          -2.9880594526179267e-06
        ],
        [
          -0.0006889881821646361,
          0.0018171706501917799,
          -0.0018974819014941273,
          1.5691226818435915e-16,
          -0.00017285907900817975,
          0.0008376732366159411,
          -0.002251058229770406,
          0.00242438707036833,
          -3.2854008881639315e-18,
          0.0007966497760263587,
          -0.003935075436684493,
          0.010661931314677247,
          -0.01164065644946238,
          -5.939536942017796e-19,
          1.1664240740229318e-18,
          -5.023364686914351e-19,
          4.111976006573555e-19,
          5.745292733155613e-19,
          1.3362470969124357e-18,
          1.2756670317522146e-05
        ],
        [
          0.0007383911465118017,
          -0.002068078133829927,
          0.0024066728516433677,
          -1.224294658956325e-16,
          0.00016102476367861664,
          -0.000876374821132335,
          0.0025036488703417395,
          -0.0030012180944884864,
          1.4940183804754766e-18,
          -0.0007225611443294603,
          0.0040310265263535545,
          -0.01164065644946238,
          0.014193228652997115,
          -2.1332351185252284e-18,
          1.628249006456172e-18,
          1.2487174497017789e-18,
          -5.629844695112288e-19,
          -3.451495031844653e-18,
          -1.989688738547913e-18,
          -2.4280199020311524e-05
        ],
        [
          9.195268393368961e-19,
          -1.5549857873389647e-18,
          4.1936355249028407e-19,
          -1.0188482902349182e-29,
          3.267224565898075e-19,
          -3.9741582910290244e-19,
          5.18764745333321e-19,
          2.0514989517650628e-19,
          3.8638065566674096e-31,
          -1.0474136291539318e-18,
          9.480638704606708e-19,
          -5.939536942017796e-19,
          -2.1332351185252284e-18,
          4.857976655661659e-31,
          -5.333746565281359e-31,
          -1.2664518435611785e-31,
          1.9602462890354214e-32,
          5.063848542884805e-31,
          7.880130367770445e-32,
          -1.0042084001220253e-18
        ],
        [
          -1.054657944218802e-18,
          1.8405980140304715e-18,
          -6.301278609488955e-19,
          1.1209208918082966e-29,
          -3.638837241674507e-19,
          4.744965228076887e-19,
          -6.894357638657931e-19,
          -6.195593298512206e-20,
          -4.247971636158177e-31,
          1.1716487043005573e-18,
          -1.2025489848382281e-18,
          1.1664240740229318e-18,
          1.628249006456172e-18,
          -5.333746565281359e-31,
          5.867932675175153e-31,
          1.3931751133226562e-31,
          -2.1631178931233703e-32,
          -5.55292624042513e-31,
          -8.627287438960768e-32,
          1.6889051421241776e-18
        ],
        [
          -1.9310994904965538e-19,
          2.836282670763913e-19,
          1.4514081994102048e-20,
          2.6488654801707844e-30,
          -7.350706791412286e-20,
          4.988191909748682e-20,
          5.961077035446671e-21,
          -1.9930639695619478e-19,
          -1.0053363469381917e-31,
          2.209413315666748e-19,
          1.7435439344889628e-22,
          -5.023364686914351e-19,
          1.2487174497017789e-18,
          -1.2664518435611785e-31,
          1.3931751133226562e-31,
          3.35456421051483e-32,
          -5.00186038480024e-33,
          -1.3208489233057025e-31,
          -2.048294742427001e-32,
          4.19064633989521e-19
        ],
        [
          1.726689364695921e-20,
          -1.1025918246895886e-20,
          -3.513557310116409e-20,
          -4.088529157339314e-31,
          6.76330042785666e-21,
          1.5726518382473175e-20,
          -6.500871847783192e-20,
          1.0131183456601253e-19,
          1.5676883685545336e-32,
          -9.747238187791639e-21,
          -1.2173751405380938e-19,
          4.111976006573555e-19,
          -5.629844695112288e-19,
          1.9602462890354214e-32,
          -2.1631178931233703e-32,
          -5.00186038480024e-33,
          1.1458807797032152e-33,
          2.0598897398165066e-32,
          3.2482498478202674e-33,
          -7.206717469081816e-20
        ],
        [
          9.447720434459173e-19,
          -1.5926056604500521e-18,
          4.342079758643454e-19,
          -1.0597043148329368e-29,
          3.1818807281441568e-19,
          -3.2779061354381806e-19,
          3.214951026551201e-19,
          4.2457576442378796e-19,
          4.027518131569154e-31,
          -9.817997046403427e-19,
          5.31724560962256e-19,
          5.745292733155613e-19,
          -3.451495031844653e-18,
          5.063848542884805e-31,
          -5.55292624042513e-31,
          -1.3208489233057025e-31,
          2.0598897398165066e-32,
          5.317387872574933e-31,
          8.355026489631715e-32,
          -4.907718827752216e-20
        ],
        [
          5.1403303039330124e-20,
          1.38704475049428e-20,
          -2.239131469735658e-19,
          -1.6308018733772167e-30,
          2.901291453368835e-20,
          5.0719680269586346e-20,
          -2.318330913069824e-19,
          3.8826836645559583e-19,
          6.250700384586787e-32,
          -6.550313745540543e-20,
          -3.6218183795375753e-19,
          1.3362470969124357e-18,
          -1.989688738547913e-18,
          7.880130367770445e-32,
          -8.627287438960768e-32,
          -2.048294742427001e-32,
          3.2482498478202674e-33,
          8.355026489631715e-32,
          1.3711063677506992e-32,
          2.456962934531491e-19
        ],
        [
          -3.13612163912621e-06,
          5.1690673457498925e-06,
          -6.686716785741772e-07,
          2.813313224264977e-17,
          -4.34914911752534e-07,
          1.3318204865108577e-06,
          -4.043928286091826e-06,
          5.784536482113953e-06,
          -7.878074384956404e-19,
          6.926554029443371e-07,
          -2.9880594526179267e-06,
          1.2756670317522146e-05,
          -2.4280199020311524e-05,
          -1.0042084001220253e-18,
          1.6889051421241776e-18,
          4.19064633989521e-19,
          -7.206717469081816e-20,
          -4.907718827752216e-20,
          2.456962934531491e-19,
          0.0008109488933696773
        ]
      ]
    },
    "1102": {
      "region_code": 1102,
      "n_obs": 5088,
      "n_years": 14.940451745379876,
      "mean_deaths": 6.831564465408805,
      "total_deaths": 34759,
      "dispersion": 1.0369790883023684,
      "aic": 23267.427360830836,
      "temp_percentiles": {
        "p1": 14.794399108886719,
        "p2.5": 16.165194368362428,
        "p5": 17.3742938041687,
        "p10": 18.773959732055665,
        "p25": 20.37006950378418,
        "p50": 21.517922401428223,
        "p75": 22.53681993484497,
        "p90": 23.445121574401856,
        "p95": 23.97727527618408,
        "p97.5": 24.463447093963623,
        "p99": 25.19533311843872
      },
      "mmt": 20.467636108398438,
      "mmt_percentile": 26.788522012578614,
      "crossbasis_info": {
        "temp_knots": [
          18.784733963012695,
          22.53740119934082,
          23.441273880004882
        ],
        "temp_boundary": [
          14.796424865722656,
          25.194337844848633
        ],
        "lag_knots": [
          1,
          3,
          7,
          14
        ],
        "lag_knots_log": [
          0.6931471805599453,
          1.3862943611198906,
          2.0794415416798357,
          2.70805020110221
        ],
        "lag_boundary_log": [
          0.0,
          3.1354942159291497
        ],
        "temp_df": 4,
        "lag_df": 5,
        "max_lag": 21,
        "n_cb": 20,
        "n_params": 20,
        "col_names": [
          "cb_t0_l0",
          "cb_t0_l1",
          "cb_t0_l2",
          "cb_t0_l3",
          "cb_t0_l4",
          "cb_t1_l0",
          "cb_t1_l1",
          "cb_t1_l2",
          "cb_t1_l3",
          "cb_t1_l4",
          "cb_t2_l0",
          "cb_t2_l1",
          "cb_t2_l2",
          "cb_t2_l3",
          "cb_t2_l4",
          "cb_t3_l0",
          "cb_t3_l1",
          "cb_t3_l2",
          "cb_t3_l3",
          "cb_t3_l4"
        ],
        "lag_basis": [
          [
            0.0,
            0.0,
            0.0,
            0.0,
            0.0
          ],
          [
            0.6931471805599453,
            0.0,
            0.0,
            0.0,
            0.0
          ],
          [
            1.0986122886681098,
            0.027293113977313672,
            0.0,
            0.0,
            0.0
          ],
          [
            1.3862943611198906,
            0.13635435389245854,
            0.0,
            0.0,
            0.0
          ],
          [
            1.6094379124341003,
            0.3149869114129577,
            0.006352045335695646,
            0.0,
            0.0
          ],
          [
            1.791759469228055,
            0.542907678942302,
            0.038108427590599486,
            0.0,
            0.0
          ],
          [
            1.9459101490553132,
            0.8050064282114652,
            0.10019139937089065,
            0.0,
            0.0
          ],
          [
            2.0794415416798357,
            1.0908348311396678,
            0.19038685092118524,
            0.0,
            0.0
          ],
          [
            2.1972245773362196,
            1.3931670069781872,
            0.3048674207247961,
            0.0015472576880836354,
            0.0
          ],
          [
            2.302585092994046,
            1.706928419226651,
            0.43980528991836043,
            0.010521252443055342,
            0.0
          ],
          [
            2.3978952727983707,
            2.0284918446647073,
            0.5918180457816784,
            0.030581124028759968,
            0.0
          ],
          [
            2.4849066497880004,
            2.3552214702849423,
            0.7580431455549701,
            0.0631211469218333,
            0.0
          ],
          [
            2.5649493574615367,
            2.6851742313821596,
            0.9360966088389339,
            0.10836850853571264,
            0.0
          ],
          [
            2.6390573296152584,
            3.016900425076802,
            1.1240025306369674,
            0.16595268920395168,
            0.0
          ],
          [
            2.70805020110221,
            3.3493078739973066,
            1.3201226460185151,
            0.23520984592312363,
            0.0
          ],
          [
            2.772588722239781,
            3.6809386606083287,
            1.5224659128814313,
            0.31471962941550974,
            0.0
          ],
          [
            2.833213344056216,
            4.008459606876582,
            1.7271947315279117,
            0.40095313215691525,
            0.0
          ],
          [
            2.8903717578961645,
            4.329082783527259,
            1.931052081291869,
            0.4907905273635088,
            0.0
          ],
          [
            2.9444389791664403,
            4.640937313128372,
            2.131735097660169,
            0.5819535717635878,
            0.0
          ],
          [
            2.995732273553991,
            4.942799450056236,
            2.3276243893173167,
            0.6727739024792813,
            0.0
          ],
          [
            3.044522437723423,
            5.233905796803907,
            2.517595230940857,
            0.7620303430550819,
            0.0
          ],
          [
            3.091042453358316,
            5.513822208636706,
            2.7008838902064194,
            0.8488328921239394,
            0.0
          ]
        ]
      },
      "effects": {
        "p1": {
          "temp": 14.794399108886719,
          "log_rr": 1.2879242648553575,
          "log_rr_se": 1.3181234627249427,
          "rr": 3.625253673864615,
          "rr_lower": 0.2737341984469847,
          "rr_upper": 48.01177300619326
        },
        "p2.5": {
          "temp": 16.165194368362428,
          "log_rr": 0.9441152055578521,
          "log_rr_se": 0.9880679739874443,
          "rr": 2.570537974391205,
          "rr_lower": 0.37064964210863877,
          "rr_upper": 17.827254439518672
        },
        "p5": {
          "temp": 17.3742938041687,
          "log_rr": 0.6408610640307706,
          "log_rr_se": 0.6973100606224751,
          "rr": 1.898114574032109,
          "rr_lower": 0.4839050085813754,
          "rr_upper": 7.445343346859007
        },
        "p10": {
          "temp": 18.773959732055665,
          "log_rr": 0.28981095448951,
          "log_rr_se": 0.36228332303433386,
          "rr": 1.3361748662880204,
          "rr_lower": 0.6568731467566687,
          "rr_upper": 2.7179726894227527
        },
        "p25": {
          "temp": 20.37006950378418,
          "log_rr": 0.002328960444615308,
          "log_rr_se": 0.018091410141846995,
          "rr": 1.0023316745796202,
          "rr_lower": 0.9674125909475747,
          "rr_upper": 1.0385111743082844
        },
        "p50": {
          "temp": 21.517922401428223,
          "log_rr": 0.17982867053323703,
          "log_rr_se": 0.21603431036924822,
          "rr": 1.197012262079815,
          "rr_lower": 0.7838022067340965,
          "rr_upper": 1.8280611399905426
        },
        "p75": {
          "temp": 22.53681993484497,
          "log_rr": 0.8419767522672856,
          "log_rr_se": 0.6097600893288864,
          "rr": 2.3209503890971606,
          "rr_lower": 0.7024696912610661,
          "rr_upper": 7.668388794084365
        },
        "p90": {
          "temp": 23.445121574401856,
          "log_rr": 1.6813896835730588,
          "log_rr_se": 1.0739248141795814,
          "rr": 5.373017579551869,
          "rr_lower": 0.654749242700478,
          "rr_upper": 44.09217457221252
        },
        "p95": {
          "temp": 23.97727527618408,
          "log_rr": 1.817462834446772,
          "log_rr_se": 1.172643140741641,
          "rr": 6.156219271207206,
          "rr_lower": 0.6182157815351662,
          "rr_upper": 61.30389557683455
        },
        "p97.5": {
          "temp": 24.463447093963623,
          "log_rr": 1.6966418417115534,
          "log_rr_se": 1.310543946609644,
          "rr": 5.455595840875663,
          "rr_lower": 0.41810432609315895,
          "rr_upper": 71.18684051202129
        },
        "p99": {
          "temp": 25.19533311843872,
          "log_rr": 1.2823069011302124,
          "log_rr_se": 1.8857938637054756,
          "rr": 3.6049463954663867,
          "rr_lower": 0.0894702535306136,
          "rr_upper": 145.25094097044706
        }
      },
      "rr_curve": [
        {
          "temp": 14.79439926147461,
          "log_rr": 1.1080955560515626,
          "se": 1.4256701295874887,
          "rr": 3.0285851281299667
        },
        {
          "temp": 15.31969928741455,
          "log_rr": 0.976345094763535,
          "se": 1.3013228386855908,
          "rr": 2.6547356815428573
        },
        {
          "temp": 15.844998359680176,
          "log_rr": 0.8445948726664945,
          "se": 1.1774684185116868,
          "rr": 2.3270348781433148
        },
        {
          "temp": 16.370298385620117,
          "log_rr": 0.7128444113784651,
          "se": 1.0542800586076138,
          "rr": 2.0397850025157616
        },
        {
          "temp": 16.895597457885742,
          "log_rr": 0.5810941892814228,
          "se": 0.932022437973732,
          "rr": 1.7879937644146926
        },
        {
          "temp": 17.4208984375,
          "log_rr": 0.44934348880240993,
          "se": 0.8111157685985011,
          "rr": 1.5672829088818556
        },
        {
          "temp": 17.946197509765625,
          "log_rr": 0.31759326670536847,
          "se": 0.6922693608905054,
          "rr": 1.3738173703102456
        },
        {
          "temp": 18.47149658203125,
          "log_rr": 0.18584304460832612,
          "se": 0.5767575186008425,
          "rr": 1.2042332346447033
        },
        {
          "temp": 18.996797561645508,
          "log_rr": 0.05436242316363149,
          "se": 0.46707868443157696,
          "rr": 1.0558672035513736
        },
        {
          "temp": 19.522096633911133,
          "log_rr": -0.06630421667290287,
          "se": 0.36795759301589503,
          "rr": 0.9358461209887086
        },
        {
          "temp": 20.04739761352539,
          "log_rr": -0.15239798970774032,
          "se": 0.28131362047141634,
          "rr": 0.8586464802673659
        },
        {
          "temp": 20.572696685791016,
          "log_rr": -0.17928823980750508,
          "se": 0.1992068067032258,
          "rr": 0.8358649351229558
        },
        {
          "temp": 21.09799575805664,
          "log_rr": -0.12234540084682832,
          "se": 0.10305443112749825,
          "rr": 0.8848426903003715
        },
        {
          "temp": 21.623294830322266,
          "log_rr": 0.0430604835752712,
          "se": 0.03113579954963965,
          "rr": 1.0440010378563924
        },
        {
          "temp": 22.148595809936523,
          "log_rr": 0.34156072514233493,
          "se": 0.2269155936496613,
          "rr": 1.407142039612303
        },
        {
          "temp": 22.67389488220215,
          "log_rr": 0.7967516500399237,
          "se": 0.5044596555894749,
          "rr": 2.218323321709151
        },
        {
          "temp": 23.199195861816406,
          "log_rr": 1.3187857993262053,
          "se": 0.8074039575922416,
          "rr": 3.7388788708175653
        },
        {
          "temp": 23.72449493408203,
          "log_rr": 1.6149535208967016,
          "se": 0.975596055747536,
          "rr": 5.027654237177389
        },
        {
          "temp": 24.249794006347656,
          "log_rr": 1.5924640530735452,
          "se": 1.1017213712857798,
          "rr": 4.915846924877012
        },
        {
          "temp": 24.77509307861328,
          "log_rr": 1.360539831224763,
          "se": 1.4278378130125888,
          "rr": 3.8982971564093507
        }
      ],
      "cb_coefs": [
        0.008902685071344594,
        -0.019478230957301362,
        0.015806193242325694,
        -1.1295205844428162e-13,
        0.0014641185473227756,
        -0.005826301694744575,
        0.013878546238906159,
        -0.012338495138669844,
        -8.318668541063987e-16,
        -0.007945232878134794,
        0.02917924315986624,
        -0.06350088327565487,
        0.038579659643274866,
        2.1092965724550787e-16,
        -7.127199051093403e-17,
        4.759135777901774e-17,
        -4.104087414157198e-17,
        5.888494788817395e-16,
        1.2685581320082198e-16,
        -0.023304677584719297
      ],
      "cb_vcov": [
        [
          5.625082407949277e-05,
          -0.00014575831417445537,
          0.00014873907232801643,
          -1.2836085339902423e-17,
          3.529457211148682e-06,
          -1.611862406619183e-05,
          4.234925529272755e-05,
          -4.441995861606827e-05,
          -1.6252309728621597e-19,
          -1.732651451472914e-05,
