{
  "exposure_type": "immediate",
  "analysis_date": "2025-12-19 08:57:01.934352",
  "dlnm_params": {
    "max_lag": 21,
    "temp_df": 4,
    "lag_df": 4,
    "temp_boundary": [0, 40],
    "temp_knots": [17.99313889, 26.44140053, 27.79339142]
  },
  "n_regions_total": 510,
  "n_regions_success": 495,
  "n_regions_mvmeta": 495,
  "region_results": [
    {
      "region_code": "110001",
      "n_days": 5377,
      "n_deaths": 24796,
      "mmt": 26.96642618,
      "rr_p99": 1.33196075,
      "rr_p99_lo": 1.01631546,
      "rr_p99_hi": 1.74563855,
      "rr_p1": 1.25500422,
      "rr_p1_lo": 0.94428162,
      "rr_p1_hi": 1.66797231,
      "include_mvmeta": true,
      "cb_coef": [-2.7865673, 0.05346517, -0.91046597, -2.84747409, -1.64104889, -0.02623092, -0.47695751, -1.66249364, -5.4129399, 0.36285919, -1.41423368, -5.96348583, -1.17243799, 0.56118619, -0.26594796, -2.01554811],
      "cb_vcov": [2.09602083, -0.86389327, -0.47754713, 0.83878539, 1.17610593, -0.48516332, -0.26867521, 0.47150423, 4.08238631, -1.67535194, -0.9390359, 1.6353667, 0.84056834, -0.3143649, -0.22817248, 0.33474168, -0.86389327, 1.68263776, -0.00394852, -0.58374015, -0.48515102, 0.94330571, -0.00158078, -0.32924198, -1.69441376, 3.27710888, 0.00361859, -1.13423653, -0.3720659, 0.67185568, 0.03621619, -0.2133798, -0.47754713, -0.00394852, 1.92654219, -0.19056626, -0.26837537, -0.00285742, 1.07996492, -0.10881216, -0.92301302, -0.01072913, 3.74918686, -0.36781364, -0.16371391, -0.02063132, 0.79379507, -0.06775435, 0.83878539, -0.58374015, -0.19056626, 1.77976879, 0.47281069, -0.32805316, -0.10754921, 0.99914159, 1.63602156, -1.14301366, -0.36991713, 3.46522184, 0.33995496, -0.2370191, -0.10013333, 0.70238543, 1.17610593, -0.48515102, -0.26837537, 0.47281069, 0.66104975, -0.27298784, -0.15127832, 0.26628916, 2.28818388, -0.9393042, -0.52773112, 0.92068154, 0.46547203, -0.17351898, -0.1267915, 0.18623266, -0.48516332, 0.94330571, -0.00285742, -0.32805316, -0.27298784, 0.52973792, -0.00131414, -0.18545975, -0.95095604, 1.83512583, 0.00138021, -0.63642735, -0.20610348, 0.37157028, 0.02024238, -0.11742265, -0.26867521, -0.00158078, 1.07996492, -0.10754921, -0.15127832, -0.00131414, 0.60632946, -0.06140101, -0.51823664, -0.00512779, 2.09930282, -0.20721703, -0.0908449, -0.01092018, 0.4394877, -0.03851252, 0.47150423, -0.32924198, -0.10881216, 0.99914159, 0.26628916, -0.18545975, -0.06140101, 0.56190767, 0.91875029, -0.64392156, -0.21173253, 1.94308217, 0.18823376, -0.13135838, -0.05730361, 0.38903338, 4.08238631, -1.69441376, -0.92301302, 1.63602156, 2.28818388, -0.95095604, -0.51823664, 0.91875029, 7.98956997, -3.30355391, -1.82407243, 3.20616956, 1.70585607, -0.64436015, -0.46020457, 0.67941199, -1.67535194, 3.27710888, -0.01072913, -1.14301366, -0.9393042, 1.83512583, -0.00512779, -0.64392156, -3.30355391, 6.41360308, -0.00088678, -2.23575165, -0.75549506, 1.36504907, 0.06945905, -0.44303412, -0.9390359, 0.00361859, 3.74918686, -0.36991713, -0.52773112, 0.00138021, 2.09930282, -0.21173253, -1.82407243, -0.00088678, 7.33197458, -0.71370788, -0.33265444, -0.04329413, 1.61176265, -0.1265131, 1.6353667, -1.13423653, -0.36781364, 3.46522184, 0.92068154, -0.63642735, -0.20721703, 1.94308217, 3.20616956, -2.23575165, -0.71370788, 6.78125621, 0.69189011, -0.48709724, -0.19453815, 1.42951365, 0.84056834, -0.3720659, -0.16371391, 0.33995496, 0.46547203, -0.20610348, -0.0908449, 0.18823376, 1.70585607, -0.75549506, -0.33265444, 0.69189011, 0.52664801, -0.22004446, -0.11932485, 0.21129003, -0.3143649, 0.67185568, -0.02063132, -0.2370191, -0.17351898, 0.37157028, -0.01092018, -0.13135838, -0.64436015, 1.36504907, -0.04329413, -0.48709724, -0.22004446, 0.42433688, -0.0029447, -0.15504288, -0.22817248, 0.03621619, 0.79379507, -0.10013333, -0.1267915, 0.02024238, 0.4394877, -0.05730361, -0.46020457, 0.06945905, 1.61176265, -0.19453815, -0.11932485, -0.0029447, 0.51333866, -0.03132153, 0.33474168, -0.2133798, -0.06775435, 0.70238543, 0.18623266, -0.11742265, -0.03851252, 0.38903338, 0.67941199, -0.44303412, -0.1265131, 1.42951365, 0.21129003, -0.15504288, -0.03132153, 0.44456801],
      "n_params": 16
    },
    {
      "region_code": "110002",
      "n_days": 4114,
      "n_deaths": 8203,
      "mmt": 26.33624603,
      "rr_p99": 1.2734554,
      "rr_p99_lo": 0.85803538,
      "rr_p99_hi": 1.89000208,
      "rr_p1": 1.47344334,
      "rr_p1_lo": 0.91575774,
      "rr_p1_hi": 2.37075285,
      "include_mvmeta": true,
      "cb_coef": [1.85345945, -0.25997843, 7.04718511, 5.9894792, 1.00008625, -0.13161965, 3.95818723, 3.29161445, 3.60338581, -0.41413364, 13.86314625, 11.75037949, 1.15973797, -0.39778248, 3.59822856, 3.52506727],
      "cb_vcov": [10.30339036, -4.12894292, -0.93560692, 4.2207802, 5.81326552, -2.33681903, -0.5342185, 2.38049151, 19.82668512, -7.88653892, -1.8362213, 8.1125129, 4.14724728, -1.49776555, -0.44523903, 1.65663313, -4.12894292, 8.63215132, 0.27325881, -3.3931501, -2.33437136, 4.87024136, 0.15339775, -1.92396704, -7.98601584, 16.60957688, 0.57637126, -6.4978342, -1.74202974, 3.50682924, 0.2206616, -1.27295649, -0.93560692, 0.27325881, 10.72582706, 0.47450978, -0.53230074, 0.14429779, 6.04931423, 0.2688059, -1.74483878, 0.49335758, 20.64863922, 0.93108291, -0.18367872, 0.00016322, 4.37713474, 0.33448851, 4.2207802, -3.3931501, 0.47450978, 10.32250089, 2.38825761, -1.91952303, 0.27641146, 5.82364906, 8.13281124, -6.53923644, 0.89156633, 19.86783183, 1.69690244, -1.3827483, 0.18521366, 4.27499578, 5.81326552, -2.33437136, -0.53230074, 2.38825761, 3.28276105, -1.32245069, -0.30458039, 1.34818087, 11.17780574, -4.45358805, -1.04380556, 4.58641719, 2.32202211, -0.83557583, -0.24943309, 0.92917097, -2.33681903, 4.87024136, 0.14429779, -1.91952303, -1.32245069, 2.75013814, 0.08084258, -1.08939766, -4.51725367, 9.36413423, 0.30753208, -3.67237754, -0.97955791, 1.96421645, 0.12267019, -0.71224387, -0.5342185, 0.15339775, 6.04931423, 0.27641146, -0.30458039, 0.08084258, 3.41435538, 0.15660668, -0.99319129, 0.27580913, 11.63836836, 0.54322057, -0.09941127, -0.0013227, 2.45485254, 0.19317165, 2.38049151, -1.92396704, 0.2688059, 5.82364906, 1.34818087, -1.08939766, 0.15660668, 3.28805031, 4.58324844, -3.70537736, 0.50416118, 11.20107369, 0.94892043, -0.77834723, 0.10428575, 2.39728104, 19.82668512, -7.98601584, -1.74483878, 8.13281124, 11.17780574, -4.51725367, -0.99319129, 4.58324844, 38.27241318, -15.31276654, -3.45712731, 15.69049448, 8.21184982, -3.00641924, -0.90006422, 3.29940966, -7.88653892, 16.60957688, 0.49335758, -6.53923644, -4.45358805, 9.36413423, 0.27580913, -3.70537736, -15.31276654, 32.05405087, 1.04420414, -12.5706064, -3.44428988, 6.93227767, 0.41347798, -2.54322054, -1.8362213, 0.57637126, 20.64863922, 0.89156633, -1.04380556, 0.30753208, 11.63836836, 0.50416118, -3.45712731, 1.04420414, 39.84260979, 1.74558587, -0.41809725, 0.01062268, 8.60175728, 0.6359009, 8.1125129, -6.4978342, 0.93108291, 19.86783183, 4.58641719, -3.67237754, 0.54322057, 11.20107369, 15.69049448, -12.5706064, 1.74558587, 38.34835592, 3.37296168, -2.73853999, 0.34622681, 8.43282576, 4.14724728, -1.74202974, -0.18367872, 1.69690244, 2.32202211, -0.97955791, -0.09941127, 0.94892043, 8.21184982, -3.44428988, -0.41809725, 3.37296168, 2.33766766, -0.95533779, -0.25363912, 0.97515639, -1.49776555, 3.50682924, 0.00016322, -1.3827483, -0.83557583, 1.96421645, -0.0013227, -0.77834723, -3.00641924, 6.93227767, 0.01062268, -2.73853999, -0.95533779, 1.9630003, 0.03854817, -0.77650344, -0.44523903, 0.2206616, 4.37713474, 0.18521366, -0.24943309, 0.12267019, 2.45485254, 0.10428575, -0.90006422, 0.41347798, 8.60175728, 0.34622681, -0.25363912, 0.03854817, 2.32871194, 0.11905177, 1.65663313, -1.27295649, 0.33448851, 4.27499578, 0.92917097, -0.71224387, 0.19317165, 2.39728104, 3.29940966, -2.54322054, 0.6359009, 8.43282576, 0.97515639, -0.77650344, 0.11905177, 2.36338006],
      "n_params": 16
    },
    {
      "region_code": "110003",
      "n_days": 3174,
      "n_deaths": 4988,
      "mmt": 23.19389502,
      "rr_p99": 1.25857132,
      "rr_p99_lo": 0.68750911,
      "rr_p99_hi": 2.30397203,
      "rr_p1": 1,
      "rr_p1_lo": 1,
      "rr_p1_hi": 1,
      "include_mvmeta": true,
      "cb_coef": [-12.59393568, -4.12251835, 6.95756398, -4.81940863, -7.05452227, -2.30334271, 3.93724868, -2.72821319, -24.63493867, -7.67508832, 13.45283364, -9.29940726, -5.99990552, -1.34072431, 2.53465536, -3.06104137],
      "cb_vcov": [38.72696842, -13.03133482, -2.75750923, 14.20528313, 21.9515597, -7.39958046, -1.59299947, 8.05775909, 74.47283184, -25.02142845, -5.28778141, 27.26505293, 17.97104722, -5.59099935, -1.2644031, 6.40185643, -13.03133482, 30.44655397, 2.83310487, -9.36273486, -7.39205507, 17.24608726, 1.60086079, -5.31951022, -25.05462434, 58.60221074, 5.45326627, -17.94894483, -6.07756185, 14.17999936, 1.52763259, -3.96200312, -2.75750923, 2.83310487, 42.84478628, -3.35213763, -1.56943441, 1.58006586, 24.3058433, -1.8895273, -5.26093323, 5.44503537, 82.28506123, -6.38650353, -0.9640153, 1.31944956, 20.05982666, -1.6199967, 14.20528313, -9.36273486, -3.35213763, 31.4007905, 8.06838529, -5.31207123, -1.91905506, 17.7774044, 27.23827616, -17.9890521, -6.43575543, 60.41005304, 6.29724513, -4.25758087, -1.70929952, 14.46248718, 21.9515597, -7.39205507, -1.56943441, 8.06838529, 12.44735382, -4.19927112, -0.90717596, 4.5785879, 42.20303014, -14.18872498, -3.0090959, 15.48166945, 10.17702858, -3.16419575, -0.71752449, 3.63043726, -7.39958046, 17.24608726, 1.58006586, -5.31207123, -4.19927112, 9.77250454, 0.89291494, -3.0195536, -14.22309579, 33.1865396, 3.04161815, -10.17971909, -3.44726743, 8.02448884, 0.85589814, -2.2423334, -1.59299947, 1.60086079, 24.3058433, -1.91905506, -0.90717596, 0.89291494, 13.79347775, -1.08186083, -3.03752121, 3.07564622, 46.66931768, -3.65466861, -0.55567412, 0.74477861, 11.37181103, -0.92752143, 8.05775909, -5.31951022, -1.8895273, 17.7774044, 4.5785879, -3.0195536, -1.08186083, 10.06862181, 15.44598508, -10.2175744, -3.62826556, 34.19168651, 3.56675652, -2.4153275, -0.96543982, 8.17864968, 74.47283184, -25.05462434, -5.26093323, 27.23827616, 42.20303014, -14.22309579, -3.03752121, 15.44598508, 143.3131852, -48.1543937, -10.11048408, 52.3336379, 34.70047819, -10.82025319, -2.4618662, 12.3650185, -25.02142845, 58.60221074, 5.44503537, -17.9890521, -14.18872498, 33.1865396, 3.07564622, -10.2175744, -48.1543937, 112.87133347, 10.47923178, -34.52587047, -11.75082486, 27.39774151, 2.93408201, -7.67287886, -5.28778141, 5.45326627, 82.28506123, -6.43575543, -3.0090959, 3.04161815, 46.66931768, -3.62826556, -10.11048408, 10.47923178, 158.12026959, -12.26090399, -1.87883548, 2.52985941, 38.64306151, -3.09173387, 27.26505293, -17.94894483, -6.38650353, 60.41005304, 15.48166945, -10.17971909, -3.65466861, 34.19168651, 52.3336379, -34.52587047, -12.26090399, 116.31529409, 12.17082723, -8.23497055, -3.27139673, 27.96451349, 17.97104722, -6.07756185, -0.9640153, 6.29724513, 10.17702858, -3.44726743, -0.55567412, 3.56675652, 34.70047819, -11.75082486, -1.87883548, 12.17082723, 8.90677621, -2.88331259, -0.5662046, 3.13929983, -5.59099935, 14.17999936, 1.31944956, -4.25758087, -3.16419575, 8.02448884, 0.74477861, -2.4153275, -10.82025319, 27.39774151, 2.52985941, -8.23497055, -2.88331259, 7.03904746, 0.71419632, -2.03570894, -1.2644031, 1.52763259, 20.05982666, -1.70929952, -0.71752449, 0.85589814, 11.37181103, -0.96543982, -2.4618662, 2.93408201, 38.64306151, -3.27139673, -0.5662046, 0.71419632, 9.91602292, -0.82304022, 6.40185643, -3.96200312, -1.6199967, 14.46248718, 3.63043726, -2.2423334, -0.92752143, 8.17864968, 12.3650185, -7.67287886, -3.09173387, 27.96451349, 3.13929983, -2.03570894, -0.82304022, 7.187096],
      "n_params": 16
    },
    {
      "region_code": "110005",
      "n_days": 5101,
      "n_deaths": 15868,
      "mmt": 24.64634809,
      "rr_p99": 1.04133016,
      "rr_p99_lo": 0.79788978,
      "rr_p99_hi": 1.35904547,
      "rr_p1": 1.3374534,
      "rr_p1_lo": 0.99591032,
      "rr_p1_hi": 1.79612719,
      "include_mvmeta": true,
      "cb_coef": [4.06481948, -2.26857372, -1.98319196, 2.54659416, 2.23795906, -1.26404474, -1.04811742, 1.34403323, 7.76825214, -4.65327393, -3.93935006, 4.85408167, 1.3531727, -1.47504101, -1.53391858, 0.75937926],
      "cb_vcov": [1.89690449, -0.83120414, -0.23503787, 0.63350231, 1.07794751, -0.47287604, -0.13596697, 0.35862053, 3.62057985, -1.5656939, -0.46451648, 1.21813974, 0.56697496, -0.18638397, -0.09417611, 0.18982649, -0.83120414, 1.53118792, -0.04153787, -0.59859026, -0.47280803, 0.86995018, -0.02280448, -0.34170452, -1.60953033, 2.91825832, -0.06692164, -1.13218685, -0.30206434, 0.43677485, 0.0338511, -0.14526276, -0.23503787, -0.04153787, 1.54289674, 0.1012717, -0.13273402, -0.02589955, 0.87434853, 0.05870584, -0.4407829, -0.08686883, 2.94403745, 0.19674298, -0.01135332, -0.04208347, 0.4694041, 0.06707732, 0.63350231, -0.59859026, 0.1012717, 1.57295704, 0.36194799, -0.33993463, 0.05710755, 0.89393667, 1.20696851, -1.16059764, 0.19220648, 2.9937969, 0.17751489, -0.21379334, 0.03560636, 0.43994213, 1.07794751, -0.47280803, -0.13273402, 0.36194799, 0.61454077, -0.26992785, -0.07729433, 0.20586669, 2.05100434, -0.88693676, -0.26176305, 0.69306378, 0.30426898, -0.09688092, -0.04941213, 0.10032979, -0.47287604, 0.86995018, -0.02589955, -0.33993463, -0.26992785, 0.49584299, -0.01434152, -0.19484191, -0.91350144, 1.65265982, -0.04154224, -0.64031594, -0.16405577, 0.23352722, 0.01942895, -0.07517962, -0.13596697, -0.02280448, 0.87434853, 0.05710755, -0.07729433, -0.01434152, 0.49702169, 0.03306845, -0.25274415, -0.0482519, 1.66296486, 0.11168437, -0.00238537, -0.02338686, 0.25199652, 0.03834015, 0.35862053, -0.34170452, 0.05870584, 0.89393667, 0.20586669, -0.19484191, 0.03306845, 0.50987479, 0.68052613, -0.6606049, 0.11057599, 1.6953826, 0.09200067, -0.115728, 0.02011379, 0.23346186, 3.62057985, -1.60953033, -0.4407829, 1.20696851, 2.05100434, -0.91350144, -0.25274415, 0.68052613, 7.04166491, -3.0986545, -0.90926934, 2.38306182, 1.34910745, -0.49016765, -0.2590526, 0.48543103, -1.5656939, 2.91825832, -0.08686883, -1.16059764, -0.88693676, 1.65265982, -0.0482519, -0.6606049, -3.0986545, 5.66888214, -0.14934777, -2.2512866, -0.70952301, 1.05143061, 0.05327828, -0.39108715, -0.46451648, -0.06692164, 2.94403745, 0.19220648, -0.26176305, -0.04154224, 1.66296486, 0.11057599, -0.90926934, -0.14934777, 5.71927242, 0.3724967, -0.09365674, -0.09613921, 1.10457563, 0.1344814, 1.21813974, -1.13218685, 0.19674298, 2.9937969, 0.69306378, -0.64031594, 0.11168437, 1.6953826, 2.38306182, -2.2512866, 0.3724967, 5.81153436, 0.46708958, -0.51883163, 0.06194545, 1.06984672, 0.56697496, -0.30206434, -0.01135332, 0.17751489, 0.30426898, -0.16405577, -0.00238537, 0.09200067, 1.34910745, -0.70952301, -0.09365674, 0.46708958, 0.79374488, -0.37840645, -0.17629655, 0.34188358, -0.18638397, 0.43677485, -0.04208347, -0.21379334, -0.09688092, 0.23352722, -0.02338686, -0.115728, -0.49016765, 1.05143061, -0.09613921, -0.51883163, -0.37840645, 0.63414557, -0.02910433, -0.30693064, -0.09417611, 0.0338511, 0.4694041, 0.03560636, -0.04941213, 0.01942895, 0.25199652, 0.02011379, -0.2590526, 0.05327828, 1.10457563, 0.06194545, -0.17629655, -0.02910433, 0.63465804, 0.02280147, 0.18982649, -0.14526276, 0.06707732, 0.43994213, 0.10032979, -0.07517962, 0.03834015, 0.23346186, 0.48543103, -0.39108715, 0.1344814, 1.06984672, 0.34188358, -0.30693064, 0.02280147, 0.67102865],
      "n_params": 16
    },
    {
      "region_code": "110006",
      "n_days": 3949,
      "n_deaths": 7310,
      "mmt": 29.69723145,
      "rr_p99": 1,
      "rr_p99_lo": 1,
      "rr_p99_hi": 1,
      "rr_p1": 1.0311533,
      "rr_p1_lo": 0.59945003,
      "rr_p1_hi": 1.77375439,
      "include_mvmeta": true,
      "cb_coef": [-0.15884659, 0.80675245, 0.19634496, -1.0248793, -0.12108126, 0.47176107, 0.15100384, -0.61197123, -0.81230919, 1.46912221, 0.45310297, -2.09965776, -0.70195762, 0.2363724, -0.05661624, -0.30132221],
      "cb_vcov": [0.45477237, -0.20174656, -0.0734761, 0.17604004, 0.25946708, -0.11659747, -0.04165939, 0.10066793, 0.88120309, -0.38335135, -0.14851436, 0.34266018, 0.09186318, -0.01501977, -0.03119646, 0.03173257, -0.20174656, 0.38746928, 0.01453067, -0.14600055, -0.11460611, 0.22090428, 0.00622912, -0.08393543, -0.40016386, 0.74890304, 0.03807987, -0.28023953, -0.05822641, 0.07685108, 0.03932419, -0.01748196, -0.0734761, 0.01453067, 0.39260749, -0.01733291, -0.0435485, 0.00828592, 0.22368174, -0.00995179, -0.1340742, 0.02399098, 0.7573091, -0.03228999, 0.01566714, -0.00742744, 0.07692749, 0.00294789, 0.17604004, -0.14600055, -0.01733291, 0.35906564, 0.09994469, -0.08322893, -0.00959184, 0.20401794, 0.34552333, -0.28822804, -0.03881005, 0.69908057, 0.044157, -0.03464993, -0.02017795, 0.07830079, 0.25946708, -0.11460611, -0.0435485, 0.09994469, 0.150386, -0.06724454, -0.02516175, 0.05811095, 0.4965488, -0.21419006, -0.08732514, 0.19237535, 0.0349377, 0.00023549, -0.01552297, 0.01137819, -0.11659747, 0.22090428, 0.00828592, -0.08322893, -0.06724454, 0.12789132, 0.00346659, -0.04863825, -0.2293258, 0.42174437, 0.02281036, -0.15702893, -0.02713028, 0.02928578, 0.02411324, -0.00313159, -0.04165939, 0.00622912, 0.22368174, -0.00959184, -0.02516175, 0.00346659, 0.12968083, -0.00550999, -0.07350923, 0.00936246, 0.42493002, -0.01714542, 0.01404043, -0.00489668, 0.02619089, 0.00259066, 0.10066793, -0.08393543, -0.00995179, 0.20401794, 0.05811095, -0.04863825, -0.00550999, 0.11808847, 0.195346, -0.16428642, -0.02317113, 0.39247187, 0.01856703, -0.01505453, -0.01230946, 0.02997576, 0.88120309, -0.40016386, -0.1340742, 0.34552333, 0.4965488, -0.2293258, -0.07350923, 0.195346, 1.81814236, -0.81607265, -0.30008411, 0.72701313, 0.39964246, -0.13586032, -0.12026604, 0.16875871, -0.38335135, 0.74890304, 0.02399098, -0.28822804, -0.21419006, 0.42174437, 0.00936246, -0.16428642, -0.81607265, 1.53171456, 0.06454237, -0.60066076, -0.2253738, 0.31811542, 0.07629514, -0.12525615, -0.14851436, 0.03807987, 0.7573091, -0.03881005, -0.08732514, 0.02281036, 0.42493002, -0.02317113, -0.30008411, 0.06454237, 1.56111313, -0.07687998, -0.02191326, -0.0200717, 0.35105929, -0.00075689, 0.34266018, -0.28023953, -0.03228999, 0.69908057, 0.19237535, -0.15702893, -0.01714542, 0.39247187, 0.72701313, -0.60066076, -0.07687998, 1.45096122, 0.193154, -0.16209531, -0.05007102, 0.33208118, 0.09186318, -0.05822641, 0.01566714, 0.044157, 0.0349377, -0.02713028, 0.01404043, 0.01856703, 0.39964246, -0.2253738, -0.02191326, 0.193154, 0.50988685, -0.24373844, -0.11998749, 0.23662601, -0.01501977, 0.07685108, -0.00742744, -0.03464993, 0.00023549, 0.02928578, -0.00489668, -0.01505453, -0.13586032, 0.31811542, -0.0200717, -0.16209531, -0.24373844, 0.39626204, -0.0030981, -0.20302171, -0.03119646, 0.03932419, 0.07692749, -0.02017795, -0.01552297, 0.02411324, 0.02619089, -0.01230946, -0.12026604, 0.07629514, 0.35105929, -0.05007102, -0.11998749, -0.0030981, 0.4696854, -0.01953441, 0.03173257, -0.01748196, 0.00294789, 0.07830079, 0.01137819, -0.00313159, 0.00259066, 0.02997576, 0.16875871, -0.12525615, -0.00075689, 0.33208118, 0.23662601, -0.20302171, -0.01953441, 0.41782254],
      "n_params": 16
    },
    {
      "region_code": "120001",
      "n_days": 5303,
      "n_deaths": 20377,
      "mmt": 26.87306694,
      "rr_p99": 1.32528816,
      "rr_p99_lo": 0.98699729,
      "rr_p99_hi": 1.77952739,
      "rr_p1": 1.46295782,
      "rr_p1_lo": 1.08222426,
      "rr_p1_hi": 1.97763592,
      "include_mvmeta": true,
      "cb_coef": [-0.12168676, 1.69481069, -0.70645942, -1.04357267, -0.08908115, 0.9464893, -0.43649778, -0.58708373, -0.38431235, 3.21263058, -0.77937257, -1.76008119, -0.09223949, -0.14091959, 0.78748722, 0.15599705],
      "cb_vcov": [0.870485, -0.36877693, -0.16104235, 0.3098567, 0.48856216, -0.20667743, -0.0904466, 0.17370106, 1.70698817, -0.72124183, -0.31606249, 0.61190874, 0.31679299, -0.11840108, -0.07734556, 0.11457964, -0.36877693, 0.70404382, -0.00167561, -0.24388157, -0.20678806, 0.39466556, 0.00060356, -0.13761812, -0.72636133, 1.3801291, -0.00118744, -0.4768543, -0.15326748, 0.25259845, 0.01285911, -0.07883044, -0.16104235, -0.00167561, 0.7324375, -0.03340823, -0.08932763, -0.0011183, 0.41042553, -0.01952464, -0.31588121, -0.0014472, 1.44027772, -0.06515543, -0.04667947, -0.01317837, 0.27195364, -0.00165103, 0.3098567, -0.24388157, -0.03340823, 0.67590502, 0.17563773, -0.1364654, -0.0195362, 0.38028745, 0.60766344, -0.48220921, -0.06212777, 1.32757311, 0.11110996, -0.09971775, -0.01807293, 0.23785497, 0.48856216, -0.20678806, -0.08932763, 0.17563773, 0.27544013, -0.11646044, -0.05044416, 0.09899668, 0.95574873, -0.40290698, -0.17534411, 0.34591139, 0.17044547, -0.0628962, -0.041552, 0.0621986, -0.20667743, 0.39466556, -0.0011183, -0.1364654, -0.11646044, 0.2222506, 0.00018665, -0.07746169, -0.4065926, 0.77167064, -0.00033647, -0.26587906, -0.08274666, 0.13534907, 0.00754523, -0.04144958, -0.0904466, 0.00060356, 0.41042553, -0.0195362, -0.05044416, 0.00018665, 0.2310525, -0.01140689, -0.17630505, 0.00186681, 0.80490216, -0.03779352, -0.02460781, -0.00659238, 0.14567649, -0.00125637, 0.17370106, -0.13761812, -0.01952464, 0.38028745, 0.09899668, -0.07746169, -0.01140689, 0.21504051, 0.33994843, -0.27152343, -0.03677865, 0.7451399, 0.05936114, -0.05386027, -0.01049667, 0.12798453, 1.70698817, -0.72636133, -0.31588121, 0.60766344, 0.95574873, -0.4065926, -0.17630505, 0.33994843, 3.38499944, -1.43752359, -0.62941196, 1.21440859, 0.69184686, -0.2614084, -0.17233994, 0.24975429, -0.72124183, 1.3801291, -0.0014472, -0.48220921, -0.40290698, 0.77167064, 0.00186681, -0.27152343, -1.43752359, 2.73681677, -0.00079277, -0.9557176, -0.33450217, 0.55493613, 0.02527313, -0.17817204, -0.31606249, -0.00118744, 1.44027772, -0.06212777, -0.17534411, -0.00033647, 0.80490216, -0.03677865, -0.62941196, -0.00079277, 2.86578749, -0.12142237, -0.10499658, -0.03250613, 0.59968333, -0.00041173, 0.61190874, -0.4768543, -0.06515543, 1.32757311, 0.34591139, -0.26587906, -0.03779352, 0.7451399, 1.21440859, -0.9557176, -0.12142237, 2.63721584, 0.24619059, -0.21973503, -0.03707413, 0.52200012, 0.31679299, -0.15326748, -0.04667947, 0.11110996, 0.17044547, -0.08274666, -0.02460781, 0.05936114, 0.69184686, -0.33450217, -0.10499658, 0.24619059, 0.29559667, -0.12902805, -0.06406292, 0.10706417, -0.11840108, 0.25259845, -0.01317837, -0.09971775, -0.0628962, 0.13534907, -0.00659238, -0.05386027, -0.2614084, 0.55493613, -0.03250613, -0.21973503, -0.12902805, 0.24267188, -0.00877938, -0.09082206, -0.07734556, 0.01285911, 0.27195364, -0.01807293, -0.041552, 0.00754523, 0.14567649, -0.01049667, -0.17233994, 0.02527313, 0.59968333, -0.03707413, -0.06406292, -0.00877938, 0.26812454, -0.00247591, 0.11457964, -0.07883044, -0.00165103, 0.23785497, 0.0621986, -0.04144958, -0.00125637, 0.12798453, 0.24975429, -0.17817204, -0.00041173, 0.52200012, 0.10706417, -0.09082206, -0.00247591, 0.22508209],
      "n_params": 16
    },
    {
      "region_code": "120003",
      "n_days": 1569,
      "n_deaths": 1902,
      "mmt": 25.24183686,
      "rr_p99": 1.85186623,
      "rr_p99_lo": 0.35333847,
      "rr_p99_hi": 9.70573209,
      "rr_p1": 3.49069878,
      "rr_p1_lo": 0.65469266,
      "rr_p1_hi": 18.6117529,
      "include_mvmeta": true,
      "cb_coef": [2.36306713, 1.80881867, 1.86013375, -1.32647291, 1.39211504, 0.99044854, 1.10500375, -0.81329843, 3.70749666, 4.83794132, 3.47725964, -1.76444386, -0.71604057, 2.23612651, -0.76243901, 1.56693232],
      "cb_vcov": [3.31614688, -0.04545815, 1.64111964, -0.0504458, 1.87048477, -0.04437266, 0.93269518, -0.04142009, 6.44742942, 0.06685221, 3.08158657, -0.05051748, 0.83735167, 0.40551296, 0.20194755, 0.14344653, -0.04545815, 2.40951183, 1.10234865, -0.15866359, -0.00552595, 1.36023155, 0.61554012, -0.09672888, -0.07328331, 4.72057424, 2.34305125, -0.33401902, -0.12976169, 0.64806784, 0.69637888, -0.03082111, 1.64111964, 1.10234865, 4.12533616, -0.10647203, 0.91116551, 0.62049607, 2.31619612, -0.06558631, 3.38410475, 2.10160699, 8.05953652, -0.24722017, 0.83254156, 0.24785878, 1.16416083, -0.01733941, -0.0504458, -0.15866359, -0.10647203, 2.28226632, -0.03269888, -0.07768958, -0.06432566, 1.2938119, 0.08672992, -0.43013044, -0.0826698, 4.30657193, 0.33513057, -0.37639901, 0.25838031, 0.35579812, 1.87048477, -0.00552595, 0.91116551, -0.03269888, 1.06434322, -0.01387397, 0.52099377, -0.02442739, 3.57948698, 0.08006114, 1.6837282, -0.02847218, 0.3416461, 0.23690809, 0.05747853, 0.09135258, -0.04437266, 1.36023155, 0.62049607, -0.07768958, -0.01387397, 0.77591595, 0.34995096, -0.04920153, -0.10850046, 2.63329921, 1.29066296, -0.14835007, -0.13669072, 0.28268741, 0.328593, 0.01664999, 0.93269518, 0.61554012, 2.31619612, -0.06432566, 0.52099377, 0.34995096, 1.31171253, -0.04013505, 1.88693828, 1.16021383, 4.47377761, -0.13486705, 0.39765684, 0.10633208, 0.53621181, 0.01167657, -0.04142009, -0.09672888, -0.06558631, 1.2938119, -0.02442739, -0.04920153, -0.04013505, 0.74014043, 0.02210237, -0.25988153, -0.05228209, 2.41652043, 0.18226824, -0.21563185, 0.15743414, 0.13991085, 6.44742942, -0.07328331, 3.38410475, 0.08672992, 3.57948698, -0.10850046, 1.88693828, 0.02210237, 14.20996592, 0.51260999, 7.3034806, 0.09317597, 4.9914703, 1.5405171, 2.32035784, 0.0654393, 0.06685221, 4.72057424, 2.10160699, -0.43013044, 0.08006114, 2.63329921, 1.16021383, -0.25988153, 0.51260999, 10.00966125, 4.9584095, -1.04157259, 0.43271433, 2.76494807, 2.2713003, -0.38384566, 3.08158657, 2.34305125, 8.05953652, -0.0826698, 1.6837282, 1.29066296, 4.47377761, -0.05228209, 7.3034806, 4.9584095, 17.12429191, -0.47530797, 3.44493337, 1.53190335, 5.04415173, -0.40880063, -0.05051748, -0.33401902, -0.24722017, 4.30657193, -0.02847218, -0.14835007, -0.13486705, 2.41652043, 0.09317597, -1.04157259, -0.47530797, 8.68859315, 0.30836591, -1.12529339, -0.03523969, 1.7671301, 0.83735167, -0.12976169, 0.83254156, 0.33513057, 0.3416461, -0.13669072, 0.39765684, 0.18226824, 4.9914703, 0.43271433, 3.44493337, 0.30836591, 7.2987578, 1.49657346, 4.04116561, -0.40721244, 0.40551296, 0.64806784, 0.24785878, -0.37639901, 0.23690809, 0.28268741, 0.10633208, -0.21563185, 1.5405171, 2.76494807, 1.53190335, -1.12529339, 1.49657346, 3.41254212, 2.25144925, -0.84594894, 0.20194755, 0.69637888, 1.16416083, 0.25838031, 0.05747853, 0.328593, 0.53621181, 0.15743414, 2.32035784, 2.2713003, 5.04415173, -0.03523969, 4.04116561, 2.25144925, 6.32176309, -0.86247869, 0.14344653, -0.03082111, -0.01733941, 0.35579812, 0.09135258, 0.01664999, 0.01167657, 0.13991085, 0.0654393, -0.38384566, -0.40880063, 1.7671301, -0.40721244, -0.84594894, -0.86247869, 2.4028744],
      "n_params": 16
    },
    {
      "region_code": "120004",
      "n_days": 3130,
      "n_deaths": 4729,
      "mmt": 20.03007782,
      "rr_p99": 1.28118253,
      "rr_p99_lo": 0.64846999,
      "rr_p99_hi": 2.53123305,
      "rr_p1": 1,
      "rr_p1_lo": 1,
      "rr_p1_hi": 1,
      "include_mvmeta": true,
      "cb_coef": [-0.19045501, 4.43764534, 2.43935787, -0.82743548, -0.13487976, 2.66642819, 1.46803401, -0.50772899, -3.24471824, 11.20578599, -10.7604125, 5.5168369, -5.54944373, 6.16065388, -28.35859093, 13.74643933],
      "cb_vcov": [10.12598353, -3.48642204, -0.08537392, 3.46385193, 6.06069133, -2.09953695, -0.03024488, 2.07452906, 2.83883998, 1.82792295, 1.0135245, 0.98378359, -28.5841852, 15.26935778, 2.2132838, -9.8164026, -3.48642204, 8.98669049, 1.37284596, -2.69417523, -2.08728999, 5.38338111, 0.78676379, -1.61677428, -1.86622502, 1.03173366, 6.68552432, -0.83267982, 8.22304105, -28.15138361, 8.2570845, 7.54186517, -0.08537392, 1.37284596, 11.55121221, 0.08028389, -0.09127712, 0.83673826, 6.9113505, 0.02490285, 6.44920845, -0.71149075, 6.84828558, -0.17148604, 12.74427031, -5.94889832, -25.64360509, -0.47977251, 3.46385193, -2.69417523, 0.08028389, 8.97470021, 2.0612819, -1.60903507, 0.07629338, 5.3677846, 4.83790332, -3.89218926, -2.63672483, 4.71526111, -2.48129669, 1.70351683, -5.34327891, -21.1602281, 6.06069133, -2.08728999, -0.09127712, 2.0612819, 3.64716501, -1.26506135, -0.04474217, 1.24177927, 0.63065077, 1.73914481, 0.73461582, 0.13683292, -19.19591807, 10.3867959, 1.71162815, -6.71361478, -2.09953695, 5.38338111, 0.83673826, -1.60903507, -1.26506135, 3.24163215, 0.4806632, -0.97157067, -0.79190177, -0.28913367, 4.41146285, -0.22853119, 5.60686965, -18.63751454, 5.66549347, 5.02979194, -0.03024488, 0.78676379, 6.9113505, 0.07629338, -0.04474217, 0.4806632, 4.15790379, 0.03241385, 4.52178199, -0.66319217, 3.25610111, -0.15116599, 8.81794314, -3.89478619, -17.00951599, -0.48042159, 2.07452906, -1.61677428, 0.02490285, 5.3677846, 1.24177927, -0.97157067, 0.03241385, 3.22715847, 2.78016293, -2.17238031, -1.69049074, 2.15111339, -1.72873069, 1.34922953, -3.33405888, -13.97579097, 2.83883998, -1.86622502, 6.44920845, 4.83790332, 0.63065077, -0.79190177, 4.52178199, 2.78016293, 508.85761291, -252.95658276, -95.19079241, 253.65898142, 960.74738578, -475.24106227, -204.44142217, 466.05731214, 1.82792295, 1.03173366, -0.71149075, -3.89218926, 1.73914481, -0.28913367, -0.66319217, -2.17238031, -252.95658276, 373.22603248, 26.30382722, -181.98528015, -488.76834266, 708.67914987, 53.14646391, -333.10276829, 1.0135245, 6.68552432, 6.84828558, -2.63672483, 0.73461582, 4.41146285, 3.25610111, -1.69049074, -95.19079241, 26.30382722, 401.29722824, -6.57254357, -184.47190078, 26.36302399, 742.53678299, -3.15090461, 0.98378359, -0.83267982, -0.17148604, 4.71526111, 0.13683292, -0.22853119, -0.15116599, 2.15111339, 253.65898142, -181.98528015, -6.57254357, 383.99704603, 479.97418758, -343.83078019, -11.73690489, 716.01279841, -28.5841852, 8.22304105, 12.74427031, -2.48129669, -19.19591807, 5.60686965, 8.81794314, -1.72873069, 960.74738578, -488.76834266, -184.47190078, 479.97418758, 1928.16143622, -958.37790826, -396.98095474, 921.23371187, 15.26935778, -28.15138361, -5.94889832, 1.70351683, 10.3867959, -18.63751454, -3.89478619, 1.34922953, -475.24106227, 708.67914987, 26.36302399, -343.83078019, -958.37790826, 1446.77554801, 71.00520903, -660.10044333, 2.2132838, 8.2570845, -25.64360509, -5.34327891, 1.71162815, 5.66549347, -17.00951599, -3.33405888, -204.44142217, 53.14646391, 742.53678299, -11.73690489, -396.98095474, 71.00520903, 1502.62953907, -3.8110149, -9.8164026, 7.54186517, -0.47977251, -21.1602281, -6.71361478, 5.02979194, -0.48042159, -13.97579097, 466.05731214, -333.10276829, -3.15090461, 716.01279841, 921.23371187, -660.10044333, -3.8110149, 1435.94035108],
      "n_params": 16
    },
    {
      "region_code": "120005",
      "n_days": 1841,
      "n_deaths": 2284,
      "mmt": 22.60545984,
      "rr_p99": 1.26161579,
      "rr_p99_lo": 0.45456021,
      "rr_p99_hi": 3.50157004,
      "rr_p1": 1.08374524,
      "rr_p1_lo": 0.59918156,
      "rr_p1_hi": 1.96018006,
      "include_mvmeta": true,
      "cb_coef": [-0.56467567, -1.40731064, -1.28428989, -0.45337413, -0.21549146, -0.88491857, -0.74388884, -0.08211827, -2.25312044, -1.42199944, -1.63428091, -2.92927592, -2.92557582, 2.07642797, 1.15406684, -4.47968437],
      "cb_vcov": [4.5831311, -0.28770783, 1.90762545, 0.66376349, 2.61575343, -0.1648122, 1.08243609, 0.38043445, 8.35162904, -0.56267118, 3.23504603, 1.22236699, 0.45892928, -0.00365273, -0.35736622, 0.0226046, -0.28770783, 3.17306144, 1.53561063, -0.83713797, -0.15944473, 1.81026932, 0.88793563, -0.48169923, -0.6803811, 5.8363022, 2.5501642, -1.35610372, -0.22876117, 0.37542894, -0.21874049, 0.30005669, 1.90762545, 1.53561063, 6.6142094, -0.68554368, 1.0984425, 0.87381796, 3.7721599, -0.38444597, 3.34110264, 2.69197857, 11.78674782, -1.14476717, 0.10224404, -0.11971475, 0.0344052, 0.13142149, 0.66376349, -0.83713797, -0.68554368, 2.98890883, 0.38110664, -0.47988178, -0.39982718, 1.70552431, 1.17566315, -1.46669922, -1.21177505, 5.52459974, -0.07888514, 0.02332025, -0.09555692, 0.36047815, 2.61575343, -0.15944473, 1.0984425, 0.38110664, 1.50005716, -0.09281562, 0.62477737, 0.22125067, 4.72674474, -0.30426086, 1.84933009, 0.68808659, 0.17171857, 0.01448044, -0.23298766, -0.01924476, -0.1648122, 1.81026932, 0.87381796, -0.47988178, -0.09281562, 1.0384214, 0.50738075, -0.27778396, -0.38772314, 3.29808313, 1.43444372, -0.76421001, -0.12422705, 0.13928125, -0.16195129, 0.19772114, 1.08243609, 0.88793563, 3.7721599, -0.39982718, 0.62477737, 0.50738075, 2.161147, -0.22451317, 1.88442462, 1.53966997, 6.6630925, -0.66539014, 0.03495011, -0.10630473, -0.11236766, 0.07869989, 0.38043445, -0.48169923, -0.38444597, 1.70552431, 0.22125067, -0.27778396, -0.22451317, 0.97988232, 0.65726336, -0.8318531, -0.6790948, 3.12138319, -0.08016984, 0.03987615, -0.05226445, 0.13283479, 8.35162904, -0.6803811, 3.34110264, 1.17566315, 4.72674474, -0.38772314, 1.88442462, 0.65726336, 16.45272962, -1.30123437, 6.19043945, 2.53888087, 3.31313928, 0.00672661, 0.3836818, 0.77574294, -0.56267118, 5.8363022, 2.69197857, -1.46669922, -0.30426086, 3.29808313, 1.53966997, -0.8318531, -1.30123437, 11.81413448, 4.98130978, -2.46348497, -0.42213323, 2.87894112, 0.69479093, 0.33469245, 3.23504603, 2.5501642, 11.78674782, -1.21177505, 1.84933009, 1.43444372, 6.6630925, -0.6790948, 6.19043945, 4.98130978, 22.69808911, -2.00969451, 1.23069856, 0.79618721, 3.44349853, 0.24483995, 1.22236699, -1.35610372, -1.14476717, 5.52459974, 0.68808659, -0.76421001, -0.66539014, 3.12138319, 2.53888087, -2.46348497, -2.00969451, 11.31598805, 0.62038105, -0.15369355, -0.13437321, 2.88290864, 0.45892928, -0.22876117, 0.10224404, -0.07888514, 0.17171857, -0.12422705, 0.03495011, -0.08016984, 3.31313928, -0.42213323, 1.23069856, 0.62038105, 5.2475744, -0.01944897, 2.10629593, 1.55606338, -0.00365273, 0.37542894, -0.11971475, 0.02332025, 0.01448044, 0.13928125, -0.10630473, 0.03987615, 0.00672661, 2.87894112, 0.79618721, -0.15369355, -0.01944897, 4.66966285, 2.21356872, -0.45383749, -0.35736622, -0.21874049, 0.0344052, -0.09555692, -0.23298766, -0.16195129, -0.11236766, -0.05226445, 0.3836818, 0.69479093, 3.44349853, -0.13437321, 2.10629593, 2.21356872, 7.1199756, 0.03966625, 0.0226046, 0.30005669, 0.13142149, 0.36047815, -0.01924476, 0.19772114, 0.07869989, 0.13283479, 0.77574294, 0.33469245, 0.24483995, 2.88290864, 1.55606338, -0.45383749, 0.03966625, 4.66492539],
      "n_params": 16
    },
    {
      "region_code": "130001",
      "n_days": 5479,
      "n_deaths": 101273,
      "mmt": 28.60484656,
      "rr_p99": 1.24292797,
      "rr_p99_lo": 1.10059363,
      "rr_p99_hi": 1.4036697,
      "rr_p1": 1.2145011,
      "rr_p1_lo": 1.05663162,
      "rr_p1_hi": 1.39595759,
      "include_mvmeta": true,
      "cb_coef": [2.28840668, 25.17254386, 3.23049933, -26.8907624, 1.20504108, 14.55857134, 1.95927088, -15.52185616, 4.35313527, 47.6170672, 5.89698304, -51.28573627, 1.39377109, 13.2999131, 2.43649753, -14.13553599],
      "cb_vcov": [636.97492383, -296.29295596, -159.28967221, 258.42356624, 367.85890158, -171.05299718, -91.97494645, 149.22420306, 1205.9900001, -561.08930814, -301.61648909, 489.30698206, 335.11183891, -155.63945877, -83.48909697, 135.89710806, -296.29295596, 536.60279187, -27.29089892, -216.70470835, -171.11036965, 309.91169736, -15.71716192, -125.0927585, -560.95928482, 1015.90910216, -51.7599386, -410.38463621, -155.68519002, 282.4006914, -14.28467447, -113.55329745, -159.28967221, -27.29089892, 512.44902615, -28.48011952, -91.93928463, -15.74972759, 296.06372645, -16.44861371, -301.68708252, -51.70913544, 969.95183253, -53.90493776, -83.638345, -14.13972676, 270.26853884, -15.07342907, 258.42356624, -216.70470835, -28.48011952, 549.82072721, 149.22100468, -125.13242651, -16.46814578, 317.55104497, 489.31728062, -410.31717734, -53.88938649, 1040.97172515, 135.609016, -113.87410627, -14.901139, 289.48499674, 367.85890158, -171.11036965, -91.93928463, 149.22100468, 212.44701711, -98.78624667, -53.08765506, 86.16843077, 696.4575078, -324.02516235, -174.0848203, 282.53399522, 193.54247608, -89.88882673, -48.19139069, 78.47617576, -171.05299718, 309.91169736, -15.74972759, -125.13242651, -98.78624667, 178.99188833, -9.07065847, -72.23455049, -323.84155192, 586.72140949, -29.87036328, -236.9650399, -89.88449993, 163.1090669, -8.24441346, -65.57434699, -91.97494645, -15.71716192, 296.06372645, -16.46814578, -53.08765506, -9.07065847, 171.05263162, -9.51121909, -174.19291444, -29.77956202, 560.3726637, -31.16930984, -48.29689609, -8.14316784, 156.15463982, -8.71657871, 149.22420306, -125.0927585, -16.44861371, 317.55104497, 86.16843077, -72.23455049, -9.51121909, 183.40724726, 282.54618541, -236.85083118, -31.12352003, 601.20589494, 78.31150916, -65.7383371, -8.60607799, 167.20346435, 1205.9900001, -560.95928482, -301.68708252, 489.31728062, 696.4575078, -323.84155192, -174.19291444, 282.54618541, 2283.35054635, -1062.30624321, -571.25742701, 926.50532642, 634.44673878, -294.65406837, -158.11995116, 257.30840953, -561.08930814, 1015.90910216, -51.70913544, -410.31717734, -324.02516235, 586.72140949, -29.77956202, -236.85083118, -1062.30624321, 1923.37583039, -98.07321018, -777.05292489, -294.81076144, 534.62768202, -27.0649906, -214.99756983, -301.61648909, -51.7599386, 969.95183253, -53.88938649, -174.0848203, -29.87036328, 560.3726637, -31.12352003, -571.25742701, -98.07321018, 1835.93300567, -101.99829014, -158.36401179, -26.81801554, 511.54045145, -28.5196289, 489.30698206, -410.38463621, -53.90493776, 1040.97172515, 282.53399522, -236.9650399, -31.16930984, 601.20589494, 926.50532642, -777.05292489, -101.99829014, 1970.89905088, 256.75647016, -215.64268533, -28.20382716, 548.05923379, 335.11183891, -155.68519002, -83.638345, 135.609016, 193.54247608, -89.88449993, -48.29689609, 78.31150916, 634.44673878, -294.81076144, -158.36401179, 256.75647016, 176.38703326, -81.82546049, -43.86449178, 71.35438573, -155.63945877, 282.4006914, -14.13972676, -113.87410627, -89.88882673, 163.1090669, -8.14316784, -65.7383371, -294.65406837, 534.62768202, -26.81801554, -215.64268533, -81.82546049, 148.68863592, -7.40544268, -59.70866704, -83.48909697, -14.28467447, 270.26853884, -14.901139, -48.19139069, -8.24441346, 156.15463982, -8.60607799, -158.11995116, -27.0649906, 511.54045145, -28.20382716, -43.86449178, -7.40544268, 142.59641345, -7.88920559, 135.89710806, -113.55329745, -15.07342907, 289.48499674, 78.47617576, -65.57434699, -8.71657871, 167.20346435, 257.30840953, -214.99756983, -28.5196289, 548.05923379, 71.35438573, -59.70866704, -7.88920559, 152.48300331],
      "n_params": 16
    },
    {
      "region_code": "130002",
      "n_days": 2120,
      "n_deaths": 2767,
      "mmt": 27.79604021,
      "rr_p99": 1,
      "rr_p99_lo": 1,
      "rr_p99_hi": 1,
      "rr_p1": 3.34684457,
      "rr_p1_lo": 1.22958477,
      "rr_p1_hi": 9.10987904,
      "include_mvmeta": true,
      "cb_coef": [10.73974885, -7.64361443, 4.95623502, 34.58438667, 5.96450486, -4.19377137, 2.47108379, 19.64630892, 18.84087561, -14.94977416, 9.10412688, 67.95091452, 2.80934783, -4.64705249, 1.13822225, 20.41070554],
