{
  "exposure_type": "intermediate",
  "analysis_date": "2025-12-19 08:41:09.964128",
  "dlnm_params": {
    "max_lag": 21,
    "temp_df": 4,
    "lag_df": 4,
    "temp_boundary": [0, 40],
    "temp_knots": [18.64205093, 26.57772923, 27.78537064]
  },
  "n_regions_total": 133,
  "n_regions_success": 129,
  "n_regions_mvmeta": 129,
  "region_results": [
    {
      "region_code": "1101",
      "n_days": 5464,
      "n_deaths": 37987,
      "mmt": 23.44053028,
      "rr_p99": 1.14191358,
      "rr_p99_lo": 0.90623787,
      "rr_p99_hi": 1.43887899,
      "rr_p1": 1.05981859,
      "rr_p1_lo": 0.94243275,
      "rr_p1_hi": 1.19182558,
      "include_mvmeta": true,
      "cb_coef": [-1.45781933, -2.20355204, -1.56532749, -2.99931623, -0.90915465, -1.24076381, -0.82701615, -1.74599865, -2.74616809, -4.14484566, -2.96011692, -6.09272672, -0.59909496, -0.39107723, -0.98169133, -1.89211816],
      "cb_vcov": [2.71395206, -1.15065376, -0.60265556, 1.1126053, 1.52098617, -0.64503613, -0.3401257, 0.62301962, 5.23838131, -2.20688734, -1.16941508, 2.15082714, 1.09006963, -0.41344209, -0.26614027, 0.44500622, -1.15065376, 2.15628176, -0.00991905, -0.80264871, -0.64606714, 1.20780928, -0.00508263, -0.45137152, -2.23477121, 4.16085836, -0.0017091, -1.54394923, -0.48622682, 0.85844817, 0.04291193, -0.2877415, -0.60265556, -0.00991905, 2.41110398, -0.25454684, -0.33817648, -0.00797275, 1.34872461, -0.1436842, -1.14879152, -0.02099951, 4.66076829, -0.48566673, -0.19796594, -0.01721045, 1.0076244, -0.09286334, 1.1126053, -0.80264871, -0.25454684, 2.30996339, 0.62549642, -0.45004853, -0.14331994, 1.29415922, 2.14978892, -1.55646687, -0.49275686, 4.4597349, 0.44113565, -0.32170185, -0.12828456, 0.92056385, 1.52098617, -0.64606714, -0.33817648, 0.62549642, 0.85332879, -0.36260838, -0.19109769, 0.35069155, 2.93319297, -1.23759173, -0.65595883, 1.20795445, 0.60503935, -0.22919952, -0.1477021, 0.24784472, -0.64503613, 1.20780928, -0.00797275, -0.45004853, -0.36260838, 0.67727307, -0.00424608, -0.2534457, -1.25194971, 2.328566, -0.00520166, -0.86460879, -0.26986451, 0.47610577, 0.02325527, -0.15884323, -0.3401257, -0.00508263, 1.34872461, -0.14331994, -0.19109769, -0.00424608, 0.75518829, -0.08091285, -0.64740558, -0.01105683, 2.60493063, -0.2731103, -0.11043533, -0.00896078, 0.55898509, -0.05236409, 0.62301962, -0.45137152, -0.1436842, 1.29415922, 0.35069155, -0.2534457, -0.08091285, 0.72587666, 1.20271199, -0.87442533, -0.27842268, 2.49626531, 0.24419122, -0.17876035, -0.0723379, 0.51084713, 5.23838131, -2.23477121, -1.14879152, 2.14978892, 2.93319297, -1.25194971, -0.64740558, 1.20271199, 10.15013859, -4.30521075, -2.24010648, 4.17408937, 2.17931115, -0.83645885, -0.5317105, 0.89218385, -2.20688734, 4.16085836, -0.02099951, -1.55646687, -1.23759173, 2.328566, -0.01105683, -0.87442533, -4.30521075, 8.06034794, -0.00913533, -3.01018999, -0.97145929, 1.7174672, 0.08064556, -0.58788867, -1.16941508, -0.0017091, 4.66076829, -0.49275686, -0.65595883, -0.00520166, 2.60493063, -0.27842268, -2.24010648, -0.00913533, 9.0413117, -0.94108132, -0.40109397, -0.03413324, 2.01038569, -0.17760763, 2.15082714, -1.54394923, -0.48566673, 4.4597349, 1.20795445, -0.86460879, -0.2731103, 2.49626531, 4.17408937, -3.01018999, -0.94108132, 8.64508243, 0.8872819, -0.64972769, -0.24951996, 1.84396393, 1.09006963, -0.48622682, -0.19796594, 0.44113565, 0.60503935, -0.26986451, -0.11043533, 0.24419122, 2.17931115, -0.97145929, -0.40109397, 0.8872819, 0.64311889, -0.27189286, -0.14317031, 0.2634682, -0.41344209, 0.85844817, -0.01721045, -0.32170185, -0.22919952, 0.47610577, -0.00896078, -0.17876035, -0.83645885, 1.7174672, -0.03413324, -0.64972769, -0.27189286, 0.50960941, -0.00127564, -0.19388736, -0.26614027, 0.04291193, 1.0076244, -0.12828456, -0.1477021, 0.02325527, 0.55898509, -0.0723379, -0.5317105, 0.08064556, 2.01038569, -0.24951996, -0.14317031, -0.00127564, 0.59646259, -0.04928302, 0.44500622, -0.2877415, -0.09286334, 0.92056385, 0.24784472, -0.15884323, -0.05236409, 0.51084713, 0.89218385, -0.58788867, -0.17760763, 1.84396393, 0.2634682, -0.19388736, -0.04928302, 0.5443821],
      "n_params": 16
    },
    {
      "region_code": "1102",
      "n_days": 5474,
      "n_deaths": 39008,
      "mmt": 14.79157351,
      "rr_p99": 1.00270146,
      "rr_p99_lo": 0.77444494,
      "rr_p99_hi": 1.29823331,
      "rr_p1": 1,
      "rr_p1_lo": 1,
      "rr_p1_hi": 1,
      "include_mvmeta": true,
      "cb_coef": [0.25733358, 0.20389387, -0.04091595, 0.08033632, 0.19018746, 0.23269517, -0.10048383, -0.13115325, 100.00897613, 23.73966374, 42.55747724, 122.55154801, 189.82686487, 44.41520593, 81.61627573, 233.96384396],
      "cb_vcov": [0.03226398, -0.01482971, -0.00671406, 0.01406465, 0.03146681, -0.0157865, -0.00498181, 0.01368605, -6.56290838, 5.9613595, -0.94959875, -1.78039406, -12.67464118, 11.45331949, -1.78869174, -3.46201595, -0.01482971, 0.02668265, -0.00071872, -0.01207676, -0.01286563, 0.02668001, -0.00271287, -0.01199049, -1.72890807, -5.74131882, 1.13378541, 4.22011074, -3.24159474, -11.08228389, 2.1728679, 8.11305187, -0.00671406, -0.00071872, 0.02858759, 0.00054162, -0.00855113, 0.00088663, 0.02817205, -0.00042037, 2.93760607, -2.80109102, -4.32982868, 1.01439458, 5.64419547, -5.35088578, -8.39417655, 1.93785006, 0.01406465, -0.01207676, 0.00054162, 0.02924686, 0.01230011, -0.01120644, 0.00207185, 0.02869786, -2.53710126, -1.81562645, -0.41728905, -8.56125672, -4.90404369, -3.41670507, -0.80267532, -16.47890966, 0.03146681, -0.01286563, -0.00855113, 0.01230011, 0.04734412, -0.02201768, -0.01194371, 0.01968746, -16.46836043, 14.69377635, -0.97409173, -4.7157701, -31.61437591, 28.13501858, -1.81986734, -9.07136456, -0.0157865, 0.02668001, 0.00088663, -0.01120644, -0.02201768, 0.04006679, -0.00219031, -0.01808275, -2.22578683, -13.8396137, 2.88774653, 10.20950026, -4.17491154, -26.56935144, 5.517372, 19.55858518, -0.00498181, -0.00271287, 0.02817205, 0.00207185, -0.01194371, -0.00219031, 0.03968115, 0.00086178, 8.74350418, -4.74383695, -6.99821417, 1.42409878, 16.73295442, -9.05091776, -13.506268, 2.71347716, 0.01368605, -0.01199049, -0.00042037, 0.02869786, 0.01968746, -0.01808275, 0.00086178, 0.04342283, -7.18578421, -2.93042278, 0.04822631, -20.70481787, -13.79208745, -5.53686372, 0.09116532, -39.69241116, -6.56290838, -1.72890807, 2.93760607, -2.53710126, -16.46836043, -2.22578683, 8.74350418, -7.18578421, 90859.25888592, -36864.67766254, -18690.15045593, 30587.62684253, 173586.02271962, -70404.41720505, -35719.07787902, 58440.48920261, 5.9613595, -5.74131882, -2.80109102, -1.81562645, 14.69377635, -13.8396137, -4.74383695, -2.93042278, -36864.67766254, 80133.57517208, -3795.60493389, -21527.72434892, -70450.19282949, 153093.9098165, -7235.15319527, -41108.99625038, -0.94959875, 1.13378541, -4.32982868, -0.41728905, -0.97409173, 2.88774653, -6.99821417, 0.04822631, -18690.15045593, -3795.60493389, 70374.62058364, -2852.76480656, -35694.84225893, -7256.78755215, 134440.68624311, -5447.87445912, -1.78039406, 4.22011074, 1.01439458, -8.56125672, -4.7157701, 10.20950026, 1.42409878, -20.70481787, 30587.62684253, -21527.72434892, -2852.76480656, 85072.86719042, 58434.40139954, -41144.67966751, -5453.37018017, 162545.33609763, -12.67464118, -3.24159474, 5.64419547, -4.90404369, -31.61437591, -4.17491154, 16.73295442, -13.79208745, 173586.02271962, -70450.19282949, -35694.84225893, 58434.40139954, 331635.58807455, -134546.56875387, -68217.18882694, 111644.5914134, 11.45331949, -11.08228389, -5.35088578, -3.41670507, 28.13501858, -26.56935144, -9.05091776, -5.53686372, -70404.41720505, 153093.9098165, -7256.78755215, -41144.67966751, -134546.56875387, 292483.98070818, -13832.87824763, -78569.46844547, -1.78869174, 2.1728679, -8.39417655, -0.80267532, -1.81986734, 5.517372, -13.506268, 0.09116532, -35719.07787902, -7235.15319527, 134440.68624311, -5453.37018017, -68217.18882694, -13832.87824763, 256830.33844438, -10414.19318167, -3.46201595, 8.11305187, 1.93785006, -16.47890966, -9.07136456, 19.55858518, 2.71347716, -39.69241116, 58440.48920261, -41108.99625038, -5447.87445912, 162545.33609763, 111644.5914134, -78569.46844547, -10414.19318167, 310569.44474771],
      "n_params": 16
    },
    {
      "region_code": "1202",
      "n_days": 3912,
      "n_deaths": 7013,
      "mmt": 25.1537985,
      "rr_p99": 1.07756373,
      "rr_p99_lo": 0.72372253,
      "rr_p99_hi": 1.60440438,
      "rr_p1": 1.08505822,
      "rr_p1_lo": 0.74448028,
      "rr_p1_hi": 1.58144059,
      "include_mvmeta": true,
      "cb_coef": [-0.60855424, 1.4853285, 2.24535365, -1.30972803, -0.26990601, 0.97474787, 1.19302363, -0.89726144, -5.89330397, 3.62117104, -0.95725852, 3.71955847, -9.80485522, 1.4838538, -8.7726856, 12.06479192],
      "cb_vcov": [3.42304639, -1.51061873, -0.66708535, 1.50469228, 2.02266026, -0.90154065, -0.38200766, 0.88608822, 3.52428966, -1.03413739, -1.33306294, 1.670781, -4.94606696, 3.24075319, -0.32413407, -1.93588175, -1.51061873, 2.86191438, 0.0431095, -1.186497, -0.88286055, 1.69441225, 0.00785811, -0.70158789, -2.12925296, 2.85028921, 1.02100003, -1.25606032, 1.05727288, -4.32509161, 1.89280241, 1.6660963, -0.66708535, 0.0431095, 3.4451769, -0.11634682, -0.40829198, 0.03213879, 2.03342063, -0.07683097, 0.3048963, -0.57660135, 3.8325715, 0.24128948, 2.94035305, -1.28409227, -4.37398089, 0.90127506, 1.50469228, -1.186497, -0.11634682, 3.21296736, 0.87666756, -0.69652356, -0.05814827, 1.89360428, 2.30638419, -1.54673569, -0.54085052, 3.92729613, -0.68313689, 1.08922798, -0.69203697, -3.41158666, 2.02266026, -0.88286055, -0.40829198, 0.87666756, 1.20626288, -0.53225469, -0.23702828, 0.52079774, 1.79451814, -0.42576996, -0.7588538, 0.87057821, -3.50076432, 2.24646096, -0.0787863, -1.33498484, -0.90154065, 1.69441225, 0.03213879, -0.69652356, -0.53225469, 1.01239459, 0.00791222, -0.41597981, -1.16147638, 1.44916191, 0.70426248, -0.64009298, 0.8546504, -3.03960817, 1.28735211, 1.17329876, -0.38200766, 0.00785811, 2.03342063, -0.05814827, -0.23702828, 0.00791222, 1.21015065, -0.03906004, 0.34608901, -0.38044278, 2.04822515, 0.16745726, 2.0172512, -0.77107968, -3.01682381, 0.54198335, 0.88608822, -0.70158789, -0.07683097, 1.89360428, 0.52079774, -0.41597981, -0.03906004, 1.12513841, 1.28894706, -0.83492145, -0.35646012, 2.13650346, -0.54679869, 0.80644794, -0.45006262, -2.37529574, 3.52428966, -2.12925296, 0.3048963, 2.30638419, 1.79451814, -1.16147638, 0.34608901, 1.28894706, 42.07498377, -20.70250385, -10.6093179, 14.45670247, 69.16641938, -32.46946753, -21.84624028, 19.92301437, -1.03413739, 2.85028921, -0.57660135, -1.54673569, -0.42576996, 1.44916191, -0.38044278, -0.83492145, -20.70250385, 34.41621986, -3.03258981, -13.5800597, -36.5704719, 56.70476651, -3.61565352, -20.85017591, -1.33306294, 1.02100003, 3.8325715, -0.54085052, -0.7588538, 0.70426248, 2.04822515, -0.35646012, -10.6093179, -3.03258981, 36.15756735, -0.09300607, -15.70915276, -9.63037785, 56.65790376, 1.78518009, 1.670781, -1.25606032, 0.24128948, 3.92729613, 0.87057821, -0.64009298, 0.16745726, 2.13650346, 14.45670247, -13.5800597, -0.09300607, 27.77896365, 22.28181173, -21.93207554, -1.13819865, 40.28893633, -4.94606696, 1.05727288, 2.94035305, -0.68313689, -3.50076432, 0.8546504, 2.0172512, -0.54679869, 69.16641938, -36.5704719, -15.70915276, 22.28181173, 150.70275322, -74.09937757, -40.92107784, 45.26734552, 3.24075319, -4.32509161, -1.28409227, 1.08922798, 2.24646096, -3.03960817, -0.77107968, 0.80644794, -32.46946753, 56.70476651, -9.63037785, -21.93207554, -74.09937757, 124.52853801, -13.92540439, -46.07440948, -0.32413407, 1.89280241, -4.37398089, -0.69203697, -0.0787863, 1.28735211, -3.01682381, -0.45006262, -21.84624028, -3.61565352, 56.65790376, -1.13819865, -40.92107784, -13.92540439, 124.36254095, 0.2656887, -1.93588175, 1.6660963, 0.90127506, -3.41158666, -1.33498484, 1.17329876, 0.54198335, -2.37529574, 19.92301437, -20.85017591, 1.78518009, 40.28893633, 45.26734552, -46.07440948, 0.2656887, 89.75843654],
      "n_params": 16
    },
    {
      "region_code": "1301",
      "n_days": 5479,
      "n_deaths": 112811,
      "mmt": 27.52374624,
      "rr_p99": 1.09209688,
      "rr_p99_lo": 1.00540631,
      "rr_p99_hi": 1.1862623,
      "rr_p1": 1.50641,
      "rr_p1_lo": 1.33474831,
      "rr_p1_hi": 1.70014906,
      "include_mvmeta": true,
      "cb_coef": [-3.75223704, 4.52001258, 1.32612988, -10.15637905, -2.29060785, 2.55302476, 0.68866393, -5.90999167, -6.8146798, 9.17709226, 3.66717814, -18.80785352, -1.48748875, 3.85789476, 2.89720853, -3.37316307],
      "cb_vcov": [114.86836799, -52.94110234, -30.84824852, 47.59219018, 65.62948883, -30.22922304, -17.63189634, 27.1886738, 215.35258715, -98.99735281, -57.90258372, 89.20632723, 50.83547464, -22.653691, -13.97915995, 21.02527089, -52.94110234, 97.16825348, -6.62415708, -41.33736802, -30.25810431, 55.5149914, -3.75546932, -23.61471081, -99.45757639, 182.1914091, -12.19274505, -77.32044006, -24.11436082, 43.07210086, -2.16899614, -17.85927666, -30.84824852, -6.62415708, 96.17793316, -2.48533347, -17.59596451, -3.79241285, 54.97064282, -1.41620501, -57.61071969, -12.55858566, 180.7135192, -4.45653172, -12.85956077, -3.3759833, 43.63485219, -0.47676907, 47.59219018, -41.33736802, -2.48533347, 102.09409276, 27.20806878, -23.61690352, -1.43545883, 58.35020893, 89.17783411, -77.63819566, -4.73775067, 191.40058365, 21.05709219, -18.69349005, -1.4481154, 45.22412342, 65.62948883, -30.25810431, -17.59596451, 27.20806878, 37.49848954, -17.27797648, -10.0577383, 15.54416553, 123.0340618, -56.57822133, -33.02502361, 50.99567408, 29.03689498, -12.94484162, -7.96898602, 12.01668272, -30.22922304, 55.5149914, -3.79241285, -23.61690352, -17.27797648, 31.718435, -2.15020696, -13.49214183, -56.78613909, 104.08580941, -6.98037794, -44.17180804, -13.76338256, 24.60230047, -1.24280721, -10.19968567, -17.63189634, -3.75546932, 54.97064282, -1.43545883, -10.0577383, -2.15020696, 31.4195787, -0.81798791, -32.92660848, -7.11937535, 103.28344422, -2.57551583, -7.34849441, -1.91335394, 24.93712213, -0.28011919, 27.1886738, -23.61471081, -1.41620501, 58.35020893, 15.54416553, -13.49214183, -0.81798791, 33.3502771, 50.94272061, -44.34924791, -2.69961662, 109.38684182, 12.0254468, -10.67479684, -0.82474412, 25.84197505, 215.35258715, -99.45757639, -57.61071969, 89.17783411, 123.0340618, -56.78613909, -32.92660848, 50.94272061, 404.25020137, -186.26990712, -108.30271471, 167.44116029, 96.38077852, -43.14969361, -26.46606325, 39.98949155, -98.99735281, 182.1914091, -12.55858566, -77.63819566, -56.57822133, 104.08580941, -7.11937535, -44.34924791, -186.26990712, 342.00026935, -23.14587207, -145.47734771, -45.70507426, 81.58448298, -4.17479373, -34.06807478, -57.90258372, -12.19274505, 180.7135192, -4.73775067, -33.02502361, -6.98037794, 103.28344422, -2.69961662, -108.30271471, -23.14587207, 339.87179521, -8.50720833, -24.4786489, -6.29275637, 82.66297228, -0.93188098, 89.20632723, -77.32044006, -4.45653172, 191.40058365, 50.99567408, -44.17180804, -2.57551583, 109.38684182, 167.44116029, -145.47734771, -8.50720833, 359.24183527, 40.06341162, -35.50416582, -2.6447189, 85.65676241, 50.83547464, -24.11436082, -12.85956077, 21.05709219, 29.03689498, -13.76338256, -7.34849441, 12.0254468, 96.38077852, -45.70507426, -24.4786489, 40.06341162, 24.89516718, -11.63848665, -6.60321163, 10.59209257, -22.653691, 43.07210086, -3.3759833, -18.69349005, -12.94484162, 24.60230047, -1.91335394, -10.67479684, -43.14969361, 81.58448298, -6.29275637, -35.50416582, -11.63848665, 20.94728439, -1.2842879, -9.23005357, -13.97915995, -2.16899614, 43.63485219, -1.4481154, -7.96898602, -1.24280721, 24.93712213, -0.82474412, -26.46606325, -4.17479373, 82.66297228, -2.6447189, -6.60321163, -1.2842879, 21.33230399, -0.39249895, 21.02527089, -17.85927666, -0.47676907, 45.22412342, 12.01668272, -10.19968567, -0.28011919, 25.84197505, 39.98949155, -34.06807478, -0.93188098, 85.65676241, 10.59209257, -9.23005357, -0.39249895, 21.99786424],
      "n_params": 16
    },
    {
      "region_code": "1302",
      "n_days": 4725,
      "n_deaths": 12047,
      "mmt": 26.78794757,
      "rr_p99": 1.55009229,
      "rr_p99_lo": 1.1414865,
      "rr_p99_hi": 2.10496235,
      "rr_p1": 1.10109598,
      "rr_p1_lo": 0.80260257,
      "rr_p1_hi": 1.51060114,
      "include_mvmeta": true,
      "cb_coef": [16.96293777, -11.66844003, -8.44630187, 14.64686311, 9.55873533, -6.5729904, -4.81568582, 8.2750211, 32.76585146, -23.38621008, -12.21599127, 28.81567798, 8.01972393, -7.3537863, 3.51791065, 8.00643135],
      "cb_vcov": [68.4193423, -30.62748376, -12.41158267, 25.50003346, 38.82184265, -17.35834741, -7.04611357, 14.45832286, 128.39793197, -57.33707163, -23.05576011, 47.7426376, 26.37014461, -11.3609807, -4.43570834, 9.55148807, -30.62748376, 57.30801985, -2.49476571, -22.03315198, -17.38034643, 32.5050108, -1.38855785, -12.49219573, -57.49839341, 107.59982576, -4.68160834, -41.18417069, -12.03968097, 22.05680122, -0.62417477, -8.16157759, -12.41158267, -2.49476571, 58.18698579, 1.62141362, -7.00651313, -1.422488, 33.01748974, 0.94114615, -23.35340353, -4.67369949, 109.39942712, 2.6189309, -4.45194087, -1.1081755, 22.8098995, 0.06043594, 25.50003346, -22.03315198, 1.62141362, 59.0697731, 14.47718052, -12.49174258, 0.89946597, 33.52007006, 47.77011161, -41.37016281, 3.61609232, 111.14581401, 9.79595835, -8.60503655, 1.57631662, 23.36506857, 38.82184265, -17.38034643, -7.00651313, 14.47718052, 22.0325346, -9.85261497, -3.97892784, 8.21028632, 72.82805914, -32.52393279, -13.00547106, 27.09420889, 14.91249402, -6.4228003, -2.48169083, 5.40157701, -17.35834741, 32.5050108, -1.422488, -12.49174258, -9.85261497, 18.44068006, -0.79226681, -7.08418205, -32.57452059, 61.00869347, -2.66736175, -23.33803376, -6.79496411, 12.46916531, -0.35587002, -4.60464279, -7.04611357, -1.38855785, 33.01748974, 0.89946597, -3.97892784, -0.79226681, 18.73920326, 0.52245599, -13.25073257, -2.59831405, 62.05745032, 1.44438827, -2.51616996, -0.61017061, 12.90735337, 0.01939752, 14.45832286, -12.49219573, 0.94114615, 33.52007006, 8.21028632, -7.08418205, 0.52245599, 19.02529459, 27.07346905, -23.44568114, 2.0935307, 63.05191984, 5.52953867, -4.85779884, 0.90951538, 13.22223829, 128.39793197, -57.49839341, -23.35340353, 47.77011161, 72.82805914, -32.57452059, -13.25073257, 27.07346905, 242.27411907, -108.31846911, -43.70442842, 90.09575198, 52.16875857, -22.69336121, -9.02165722, 19.22482865, -57.33707163, 107.59982576, -4.67369949, -41.37016281, -32.52393279, 61.00869347, -2.59831405, -23.44568114, -108.31846911, 203.0558858, -8.7835502, -77.90048108, -23.93860571, 43.51064487, -1.19257509, -16.47913973, -23.05576011, -4.68160834, 109.39942712, 3.61609232, -13.00547106, -2.66736175, 62.05745032, 2.0935307, -43.70442842, -8.7835502, 206.84991748, 5.98642563, -8.92781586, -2.1300342, 45.2015597, 0.29800173, 47.7426376, -41.18417069, 2.6189309, 111.14581401, 27.09420889, -23.33803376, 1.44438827, 63.05191984, 90.09575198, -77.90048108, 5.98642563, 210.1456847, 19.6769375, -17.25833594, 2.79349151, 46.02192947, 26.37014461, -12.03968097, -4.45194087, 9.79595835, 14.91249402, -6.79496411, -2.51616996, 5.52953867, 52.16875857, -23.93860571, -8.92781586, 19.6769375, 15.92005502, -7.42055994, -3.03268407, 6.49985455, -11.3609807, 22.05680122, -1.1081755, -8.60503655, -6.4228003, 12.46916531, -0.61017061, -4.85779884, -22.69336121, 43.51064487, -2.1300342, -17.25833594, -7.42055994, 13.00612838, -0.4032172, -5.65883778, -4.43570834, -0.62417477, 22.8098995, 1.57631662, -2.48169083, -0.35587002, 12.90735337, 0.90951538, -9.02165722, -1.19257509, 45.2015597, 2.79349151, -3.03268407, -0.4032172, 13.82137716, 0.33377866, 9.55148807, -8.16157759, 0.06043594, 23.36506857, 5.40157701, -4.60464279, 0.01939752, 13.22223829, 19.22482865, -16.47913973, 0.29800173, 46.02192947, 6.49985455, -5.65883778, 0.33377866, 13.6919075],
      "n_params": 16
    },
    {
      "region_code": "1303",
      "n_days": 4063,
      "n_deaths": 7779,
      "mmt": 29.58563683,
      "rr_p99": 1,
      "rr_p99_lo": 1,
      "rr_p99_hi": 1,
      "rr_p1": 1.55096393,
      "rr_p1_lo": 0.92654432,
      "rr_p1_hi": 2.59619431,
      "include_mvmeta": true,
      "cb_coef": [-3.39573476, 3.67231743, 23.04907617, -1.0915535, -2.01587735, 2.14710307, 13.07980357, -0.61781854, -6.07919556, 7.00528714, 43.44543404, -2.29401708, -1.23430931, 1.6595531, 9.26101514, -1.23640699],
      "cb_vcov": [50.75057652, -21.32650992, -10.1014832, 19.66350563, 28.58763763, -12.02340176, -5.71551907, 11.08058492, 97.28674303, -40.69587794, -19.36228176, 37.67413435, 22.76838809, -8.98709786, -4.63822382, 8.76896823, -21.32650992, 43.93578079, -0.48784934, -15.96158189, -12.01462309, 24.7546299, -0.26868818, -9.01374702, -40.96979794, 84.20683139, -0.81471961, -30.44510498, -9.71054296, 19.84863374, 0.28352691, -6.72153808, -10.1014832, -0.48784934, 51.16488302, -3.13621032, -5.69885312, -0.29636168, 28.83891585, -1.76936142, -19.19635528, -0.93306345, 98.08607819, -5.94813138, -4.0076919, -0.26441899, 23.55003592, -1.24121381, 19.66350563, -15.96158189, -3.13621032, 47.64279295, 11.10413587, -8.99275968, -1.77350897, 26.85692443, 37.6043011, -30.63418914, -6.06733083, 91.32137815, 8.68150223, -7.1963503, -1.70205756, 21.73961735, 28.58763763, -12.01462309, -5.69885312, 11.10413587, 16.1078168, -6.77563396, -3.22557393, 6.25920608, 54.78923796, -22.91973279, -10.92143049, 21.26952133, 12.81541855, -5.05579705, -2.61342502, 4.94937923, -12.02340176, 24.7546299, -0.29636168, -8.99275968, -6.77563396, 13.95123971, -0.16375035, -5.08000133, -23.09325753, 47.43428858, -0.4986898, -17.14771471, -5.47090898, 11.17536543, 0.15140308, -3.78119922, -5.71551907, -0.26868818, 28.83891585, -1.77350897, -3.22557393, -0.16375035, 16.25932289, -1.00054543, -10.85740906, -0.51413707, 55.27427303, -3.36280171, -2.26478915, -0.14395838, 13.26634341, -0.70242149, 11.08058492, -9.01374702, -1.76936142, 26.85692443, 6.25920608, -5.08000133, -1.00054543, 15.14364253, 21.18528003, -17.29535989, -3.42418945, 51.46860881, 4.88770271, -4.06067577, -0.96263802, 12.24936945, 97.28674303, -40.96979794, -19.19635528, 37.6043011, 54.78923796, -23.09325753, -10.85740906, 21.18528003, 186.64122539, -78.25549694, -36.83608273, 72.11754297, 43.90983118, -17.39608759, -8.89842207, 16.89358549, -40.69587794, 84.20683139, -0.93306345, -30.63418914, -22.91973279, 47.43428858, -0.51413707, -17.29535989, -78.25549694, 161.51111065, -1.5668722, -58.49695062, -18.6771919, 38.26064328, 0.5331451, -13.01516414, -19.36228176, -0.81471961, 98.08607819, -6.06733083, -10.92143049, -0.4986898, 55.27427303, -3.42418945, -36.83608273, -1.5668722, 188.17329273, -11.50434443, -7.7458398, -0.47936106, 45.3890515, -2.38406234, 37.67413435, -30.44510498, -5.94813138, 91.32137815, 21.26952133, -17.14771471, -3.36280171, 51.46860881, 72.11754297, -58.49695062, -11.50434443, 175.17107206, 16.7551381, -13.852583, -3.23338162, 41.8892828, 22.76838809, -9.71054296, -4.0076919, 8.68150223, 12.81541855, -5.47090898, -2.26478915, 4.88770271, 43.90983118, -18.6771919, -7.7458398, 16.7551381, 11.08855073, -4.53233058, -2.06250495, 4.27982143, -8.98709786, 19.84863374, -0.26441899, -7.1963503, -5.05579705, 11.17536543, -0.14395838, -4.06067577, -17.39608759, 38.26064328, -0.47936106, -13.852583, -4.53233058, 9.69666002, 0.07244678, -3.40052878, -4.63822382, 0.28352691, 23.55003592, -1.70205756, -2.61342502, 0.15140308, 13.26634341, -0.96263802, -8.89842207, 0.5331451, 45.3890515, -3.23338162, -2.06250495, 0.07244678, 11.648057, -0.67088995, 8.76896823, -6.72153808, -1.24121381, 21.73961735, 4.94937923, -3.78119922, -0.70242149, 12.24936945, 16.89358549, -13.01516414, -2.38406234, 41.8892828, 4.27982143, -3.40052878, -0.67088995, 10.67281873],
      "n_params": 16
    },
    {
      "region_code": "1304",
      "n_days": 4975,
      "n_deaths": 14138,
      "mmt": 24.15629295,
      "rr_p99": 1.0516626,
      "rr_p99_lo": 0.63708352,
      "rr_p99_hi": 1.73602704,
      "rr_p1": 1,
      "rr_p1_lo": 1,
      "rr_p1_hi": 1,
      "include_mvmeta": true,
      "cb_coef": [-27.07054882, 32.37060764, 78.58607949, 8.2493753, -15.65495866, 18.49623851, 45.16943977, 4.61835462, -51.11465509, 61.65649974, 148.77532057, 15.78542256, -14.19988352, 16.89668499, 41.455704, 3.83674866],
      "cb_vcov": [2956.12533514, -1357.24707462, -685.889308, 1105.40728437, 1695.50451933, -778.11968575, -393.32630275, 633.92823066, 5606.7859819, -2574.88942678, -1300.945337, 2096.68424258, 1553.83768539, -711.50177265, -359.9504945, 580.59918794, -1357.24707462, 2541.4263896, -149.27738994, -978.0635528, -778.59643125, 1457.71069957, -85.3098115, -560.64794031, -2573.6308705, 4820.13242612, -284.11678346, -1855.43881952, -713.25459302, 1336.18720298, -78.30834749, -511.32984037, -685.889308, -149.27738994, 2502.32041335, -16.84557084, -393.09988552, -85.60518584, 1435.33766324, -9.69285503, -1301.56100983, -283.09415578, 4745.8730006, -31.65063971, -359.25314403, -78.33312376, 1316.68212817, -7.85574895, 1105.40728437, -978.0635528, -16.84557084, 2437.41058763, 633.99003323, -560.96311539, -9.67331043, 1398.15712102, 2096.21134712, -1854.93830629, -32.10797306, 4622.60336552, 579.20518984, -513.62012903, -8.71074265, 1281.31426081, 1695.50451933, -778.59643125, -393.09988552, 633.99003323, 972.48041343, -446.38115879, -225.42788042, 363.58580578, 3215.77521217, -1477.09217631, -745.5961303, 1202.50829036, 891.24672257, -408.17616868, -206.30330334, 333.00766294, -778.11968575, 1457.71069957, -85.60518584, -560.96311539, -446.38115879, 836.12405937, -48.92235311, -321.56135748, -1475.46629707, 2764.70332633, -162.92963137, -1064.16563907, -408.92943522, 766.43785281, -44.90715361, -293.28402835, -393.32630275, -85.3098115, 1435.33766324, -9.67331043, -225.42788042, -48.92235311, 823.32460163, -5.56608856, -746.37847053, -161.78345883, 2722.21761419, -18.17486589, -206.02352177, -44.76613487, 755.2792836, -4.51402885, 633.92823066, -560.64794031, -9.69285503, 1398.15712102, 363.58580578, -321.56135748, -5.56608856, 802.02786987, 1202.12037145, -1063.28048852, -18.47407491, 2651.60738261, 332.17738759, -294.42998837, -5.01234191, 735.02220838, 5606.7859819, -2573.6308705, -1301.56100983, 2096.21134712, 3215.77521217, -1475.46629707, -746.37847053, 1202.12037145, 10634.32762388, -4882.59957596, -2468.73729104, 3976.0484173, 2947.08520109, -1349.14872336, -683.05294911, 1101.00755575, -2574.88942678, 4820.13242612, -283.09415578, -1854.93830629, -1477.09217631, 2764.70332633, -161.78345883, -1063.28048852, -4882.59957596, 9142.08069395, -538.81270323, -3518.96325861, -1353.14062077, 2534.21686723, -148.5090541, -969.75182244, -1300.945337, -284.11678346, 4745.8730006, -32.10797306, -745.5961303, -162.92963137, 2722.21761419, -18.47407491, -2468.73729104, -538.81270323, 9001.06728021, -60.33136675, -681.4012474, -149.09069439, 2497.17564111, -14.97468257, 2096.68424258, -1855.43881952, -31.65063971, 4622.60336552, 1202.50829036, -1064.16563907, -18.17486589, 2651.60738261, 3976.0484173, -3518.96325861, -60.33136675, 8766.97371172, 1098.6011785, -974.36987658, -16.36885247, 2430.00881115, 1553.83768539, -713.25459302, -359.25314403, 579.20518984, 891.24672257, -408.92943522, -206.02352177, 332.17738759, 2947.08520109, -1353.14062077, -681.4012474, 1098.6011785, 817.14052498, -374.11882314, -188.64667641, 304.42369582, -711.50177265, 1336.18720298, -78.33312376, -513.62012903, -408.17616868, 766.43785281, -44.76613487, -294.42998837, -1349.14872336, 2534.21686723, -149.09069439, -974.36987658, -374.11882314, 702.82722235, -41.10361666, -268.70279736, -359.9504945, -78.30834749, 1316.68212817, -8.71074265, -206.30330334, -44.90715361, 755.2792836, -5.01234191, -683.05294911, -148.5090541, 2497.17564111, -16.36885247, -188.64667641, -41.10361666, 693.09608094, -4.06809606, 580.59918794, -511.32984037, -7.85574895, 1281.31426081, 333.00766294, -293.28402835, -4.51402885, 735.02220838, 1101.00755575, -969.75182244, -14.97468257, 2430.00881115, 304.42369582, -268.70279736, -4.06809606, 673.89845872],
      "n_params": 16
    },
    {
      "region_code": "1401",
      "n_days": 5014,
      "n_deaths": 15905,
      "mmt": 27.55237558,
      "rr_p99": 1,
      "rr_p99_lo": 1,
      "rr_p99_hi": 1,
      "rr_p1": 1.37199887,
      "rr_p1_lo": 0.8658206,
      "rr_p1_hi": 2.17410039,
      "include_mvmeta": true,
      "cb_coef": [11.70335635, -22.81709133, -24.27115985, -14.1960609, 6.69053737, -13.18640733, -13.80230237, -7.99397829, 23.93186269, -41.59926517, -47.83554438, -26.14099159, 8.94052225, -7.13025886, -15.03762477, -5.54198968],
      "cb_vcov": [512.673184, -248.59002971, -137.78998509, 237.91006166, 293.14504135, -142.17076492, -78.81126557, 136.00046205, 947.76324262, -459.66042773, -253.38145136, 442.08566739, 189.47145704, -91.03384083, -48.4311712, 91.99389618, -248.59002971, 410.92286226, -24.01205224, -203.82543234, -142.11178604, 234.99769567, -13.79925261, -116.57593188, -460.87978952, 757.58029211, -41.26404913, -376.68039742, -94.66792361, 147.8801636, -2.43954553, -74.04037595, -137.78998509, -24.01205224, 401.41304079, -10.57562795, -78.84974283, -13.76545255, 229.51747033, -6.01550052, -252.3490672, -42.67169616, 742.1409523, -20.14515248, -45.32165201, -5.69578014, 149.33676626, -4.45217062, 237.91006166, -203.82543234, -10.57562795, 436.9861256, 135.99470144, -116.53226158, -6.01604138, 249.81732363, 443.4575604, -378.42090186, -22.96845866, 810.87107407, 94.26317972, -78.28072702, -11.09578952, 167.53461587, 293.14504135, -142.11178604, -78.84974283, 135.99470144, 167.62828158, -81.2794497, -45.10213646, 77.74552856, 541.8280406, -262.73487779, -144.95197576, 252.66792151, 108.11618504, -51.95105562, -27.61773085, 52.49725218, -142.17076492, 234.99769567, -13.76545255, -116.53226158, -81.2794497, 134.3967445, -7.91112659, -66.65346781, -263.52709251, 433.1598898, -23.65088515, -215.31679786, -54.02153217, 84.3846399, -1.38832038, -42.23925338, -78.81126557, -13.79925261, 229.51747033, -6.01604138, -45.10213646, -7.91112659, 131.23802988, -3.42220828, -144.30410979, -24.50925589, 424.26666606, -11.46803675, -25.85417272, -3.24429143, 85.23136853, -2.54741405, 136.00046205, -116.57593188, -6.01550052, 249.81732363, 77.74552856, -66.65346781, -3.42220828, 142.82380486, 253.46239231, -216.39266812, -13.07401868, 463.49032831, 53.79687876, -44.67817429, -6.32855553, 95.61491369, 947.76324262, -460.87978952, -252.3490672, 443.4575604, 541.8280406, -263.52709251, -144.30410979, 253.46239231, 1760.07613648, -856.06852161, -467.43631995, 827.26513804, 366.3133144, -176.57161338, -95.46310846, 177.93612972, -459.66042773, 757.58029211, -42.67169616, -378.42090186, -262.73487779, 433.1598898, -24.50925589, -216.39266812, -856.06852161, 1403.31767626, -74.54185876, -702.99069568, -182.77602547, 286.00695265, -6.76437771, -144.74825256, -253.38145136, -41.26404913, 742.1409523, -22.96845866, -144.95197576, -23.65088515, 424.26666606, -13.07401868, -467.43631995, -74.54185876, 1377.90881284, -43.1976737, -90.14021055, -12.22346626, 287.81562796, -8.75386113, 442.08566739, -376.68039742, -20.14515248, 810.87107407, 252.66792151, -215.31679786, -11.46803675, 463.49032831, 827.26513804, -702.99069568, -43.1976737, 1509.80247326, 181.61612517, -151.96469946, -20.01291008, 321.28232672, 189.47145704, -94.66792361, -45.32165201, 94.26317972, 108.11618504, -54.02153217, -25.85417272, 53.79687876, 366.3133144, -182.77602547, -90.14021055, 181.61612517, 102.8257963, -50.51110525, -29.6526939, 49.62849149, -91.03384083, 147.8801636, -5.69578014, -78.28072702, -51.95105562, 84.3846399, -3.24429143, -44.67817429, -176.57161338, 286.00695265, -12.22346626, -151.96469946, -50.51110525, 80.57884548, -5.50018658, -43.24203059, -48.4311712, -2.43954553, 149.33676626, -11.09578952, -27.61773085, -1.38832038, 85.23136853, -6.32855553, -95.46310846, -6.76437771, 287.81562796, -20.01291008, -29.6526939, -5.50018658, 79.50834198, -2.84811095, 91.99389618, -74.04037595, -4.45217062, 167.53461587, 52.49725218, -42.23925338, -2.54741405, 95.61491369, 177.93612972, -144.74825256, -8.75386113, 321.28232672, 49.62849149, -43.24203059, -2.84811095, 85.69671529],
      "n_params": 16
    },
    {
      "region_code": "1402",
      "n_days": 1847,
      "n_deaths": 2343,
      "mmt": 29.47994278,
      "rr_p99": 1,
      "rr_p99_lo": 1,
      "rr_p99_hi": 1,
      "rr_p1": 3.05285733,
      "rr_p1_lo": 0.81274775,
      "rr_p1_hi": 11.4671961,
      "include_mvmeta": true,
      "cb_coef": [107.4596048, -45.84574074, -142.65176616, 9.54657236, 61.39379367, -26.19015127, -81.63988984, 5.4004474, 203.83159575, -87.58900333, -271.58994365, 18.75121334, 52.73220951, -23.72097722, -75.01049352, 5.74959608],
      "cb_vcov": [3265.50466025, -282.85520518, 1006.79287157, 1135.98695726, 1869.09856049, -162.17838546, 576.47218927, 650.54526118, 6197.13512109, -534.77793487, 1911.26711976, 2155.27771087, 1677.3921947, -135.89503996, 526.92463707, 582.77024512, -282.85520518, 3462.76077194, 1518.21136493, 4.77353464, -161.08854873, 1982.33952003, 869.05655237, 2.51937965, -540.28182872, 6570.34732238, 2879.45625226, 11.19375678, -145.20338115, 1774.72941017, 781.86802669, 7.94578593, 1006.79287157, 1518.21136493, 4713.50874281, 561.37004362, 576.51017394, 869.64718531, 2697.75413682, 321.94971952, 1908.63962627, 2880.02758529, 8944.0426555, 1063.62123867, 520.82825269, 782.94641759, 2416.16033933, 287.38696193, 1135.98695726, 4.77353464, 561.37004362, 3031.5304979, 650.62162951, 3.06768106, 321.29976333, 1735.27842359, 2151.4214654, 6.4053478, 1063.47314771, 5753.30827934, 574.24367168, -5.27540313, 283.54808547, 1556.17009065, 1869.09856049, -161.08854873, 576.51017394, 650.62162951, 1069.84500956, -92.36440214, 330.10558229, 372.59577486, 3547.05324577, -304.55536663, 1094.41060697, 1234.39854761, 960.13362949, -77.39014321, 301.73735781, 333.78383607, -162.17838546, 1982.33952003, 869.64718531, 3.06768106, -92.36440214, 1134.85049416, 497.81016003, 1.63153218, -309.77419124, 3761.31761716, 1649.36604985, 7.04810544, -83.25630763, 1016.01583618, 447.86678867, 4.70857228, 576.47218927, 869.05655237, 2697.75413682, 321.29976333, 330.10558229, 497.81016003, 1544.07109022, 184.26763574, 1092.83751547, 1648.57153952, 5119.01833622, 608.76391249, 298.22111908, 448.18388814, 1382.9429103, 164.48511981, 650.54526118, 2.51937965, 321.94971952, 1735.27842359, 372.59577486, 1.63153218, 184.26763574, 993.30480818, 1232.04751044, 3.26994849, 609.91468515, 3293.219227, 328.87072959, -3.11613871, 162.63958931, 890.80211647, 6197.13512109, -540.28182872, 1908.63962627, 2151.4214654, 3547.05324577, -309.77419124, 1092.83751547, 1232.04751044, 11761.01361537, -1021.47019702, 3623.4547811, 4081.96308428, 3183.76833154, -259.4938571, 999.15035835, 1103.99550993, -534.77793487, 6570.34732238, 2880.02758529, 6.4053478, -304.55536663, 3761.31761716, 1648.57153952, 3.26994849, -1021.47019702, 12467.07688552, 5462.45923242, 16.18311025, -274.52393991, 3367.90988952, 1483.47452385, 13.79151557, 1911.26711976, 2879.45625226, 8944.0426555, 1063.47314771, 1094.41060697, 1649.36604985, 5119.01833622, 609.91468515, 3623.4547811, 5462.45923242, 16972.09595421, 2014.97914374, 988.91217731, 1485.25824823, 4585.37729201, 544.60458606, 2155.27771087, 11.19375678, 1063.62123867, 5753.30827934, 1234.39854761, 7.04810544, 608.76391249, 3293.219227, 4081.96308428, 16.18311025, 2014.97914374, 10919.02752494, 1089.67878796, -8.99106789, 537.28031042, 2953.68725562, 1677.3921947, -145.20338115, 520.82825269, 574.24367168, 960.13362949, -83.25630763, 298.22111908, 328.87072959, 3183.76833154, -274.52393991, 988.91217731, 1089.67878796, 863.8911739, -69.85332098, 273.15341035, 295.6116966, -135.89503996, 1774.72941017, 782.94641759, -5.27540313, -77.39014321, 1016.01583618, 448.18388814, -3.11613871, -259.4938571, 3367.90988952, 1485.25824823, -8.99106789, -69.85332098, 911.89537623, 404.28532139, -0.02426504, 526.92463707, 781.86802669, 2416.16033933, 283.54808547, 301.73735781, 447.86678867, 1382.9429103, 162.63958931, 999.15035835, 1483.47452385, 4585.37729201, 537.28031042, 273.15341035, 404.28532139, 1241.94765491, 145.61897158, 582.77024512, 7.94578593, 287.38696193, 1556.17009065, 333.78383607, 4.70857228, 164.48511981, 890.80211647, 1103.99550993, 13.79151557, 544.60458606, 2953.68725562, 295.6116966, -0.02426504, 145.61897158, 800.65602801],
      "n_params": 16
    },
    {
      "region_code": "1501",
      "n_days": 5479,
      "n_deaths": 158263,
      "mmt": 27.87729358,
      "rr_p99": 1.19790658,
      "rr_p99_lo": 1.07374766,
      "rr_p99_hi": 1.33642217,
      "rr_p1": 1.43656384,
      "rr_p1_lo": 1.25451648,
      "rr_p1_hi": 1.64502875,
      "include_mvmeta": true,
      "cb_coef": [55.74621216, 17.51913041, 90.81292661, 13.78753398, 31.97738944, 9.97948626, 52.16119357, 7.80549526, 105.61962628, 33.36873217, 172.18021819, 26.28922285, 30.26440553, 8.72817214, 49.30871051, 7.59702402],
